Instance,SplitMode,OrderMode,Decrescent,Solution Quality %,Exec. Time,Median,Standard deviation,Occupied %,Free %,Nº Items,Inside Items,Outside Items,Inside Items %,Outside Items %
NGCUT07,VERTICALLY,AREA,True,33.75,7.643699645996094e-05,7.343292236328125e-05,5.621018229786444e-06,33.75,66.25,8,7,1,87.5,12.5
NGCUT07,VERTICALLY,AREA,False,20.25,5.631446838378906e-05,5.245208740234375e-05,8.184948364687091e-06,20.25,79.75,8,6,2,75.0,25.0
NGCUT07,VERTICALLY,PERIMETER,True,100,8.230209350585937e-05,8.153915405273438e-05,5.912396203117861e-06,43.75,56.25,8,8,0,100.0,0.0
NGCUT07,VERTICALLY,PERIMETER,False,20.25,5.79833984375e-05,5.435943603515625e-05,6.977807596904182e-06,20.25,79.75,8,6,2,75.0,25.0
NGCUT07,VERTICALLY,HEIGHT,True,20.25,6.494522094726562e-05,6.222724914550781e-05,6.907723179783385e-06,20.25,79.75,8,6,2,75.0,25.0
NGCUT07,VERTICALLY,HEIGHT,False,20.25,6.666183471679688e-05,6.866455078125e-05,9.400587891071844e-06,20.25,79.75,8,6,2,75.0,25.0
NGCUT07,VERTICALLY,WIDTH,True,100,7.824897766113281e-05,7.605552673339844e-05,6.4670792372622205e-06,43.75,56.25,8,8,0,100.0,0.0
NGCUT07,VERTICALLY,WIDTH,False,8.25,5.273818969726562e-05,5.030632019042969e-05,5.325654164024244e-06,8.25,91.75,8,5,3,62.5,37.5
NGCUT07,VERTICALLY,ID,True,20.25,8.702278137207031e-05,8.344650268554688e-05,7.803247419100432e-06,20.25,79.75,8,6,2,75.0,25.0
NGCUT07,VERTICALLY,ID,False,20.25,6.666183471679688e-05,6.29425048828125e-05,9.337489469095093e-06,20.25,79.75,8,6,2,75.0,25.0
NGCUT07,HORIZONTALLY,AREA,True,100,7.486343383789062e-05,7.271766662597656e-05,6.464617664368563e-06,43.75,56.25,8,8,0,100.0,0.0
NGCUT07,HORIZONTALLY,AREA,False,33.75,6.947517395019531e-05,6.747245788574219e-05,6.122485127264192e-06,33.75,66.25,8,7,1,87.5,12.5
NGCUT07,HORIZONTALLY,PERIMETER,True,100,7.300376892089843e-05,7.05718994140625e-05,6.961495901311045e-06,43.75,56.25,8,8,0,100.0,0.0
NGCUT07,HORIZONTALLY,PERIMETER,False,33.75,6.818771362304688e-05,6.651878356933594e-05,5.716082326313403e-06,33.75,66.25,8,7,1,87.5,12.5
NGCUT07,HORIZONTALLY,HEIGHT,True,100,7.572174072265626e-05,7.319450378417969e-05,5.306835539226623e-06,43.75,56.25,8,8,0,100.0,0.0
NGCUT07,HORIZONTALLY,HEIGHT,False,100,7.834434509277344e-05,7.581710815429688e-05,8.057842562346906e-06,43.75,56.25,8,8,0,100.0,0.0
NGCUT07,HORIZONTALLY,WIDTH,True,100,7.343292236328125e-05,7.176399230957031e-05,5.407425881322799e-06,43.75,56.25,8,8,0,100.0,0.0
NGCUT07,HORIZONTALLY,WIDTH,False,33.75,7.243156433105469e-05,6.961822509765625e-05,7.699702080929387e-06,33.75,66.25,8,7,1,87.5,12.5
NGCUT07,HORIZONTALLY,ID,True,100,7.777214050292968e-05,7.390975952148438e-05,6.364302518222822e-06,43.75,56.25,8,8,0,100.0,0.0
NGCUT07,HORIZONTALLY,ID,False,100,7.610321044921875e-05,7.390975952148438e-05,5.604408936340038e-06,43.75,56.25,8,8,0,100.0,0.0
NGCUT07,MAX_AREA,AREA,True,100,0.00017600059509277345,0.0001709461212158203,1.1100580600567934e-05,43.75,56.25,8,8,0,100.0,0.0
NGCUT07,MAX_AREA,AREA,False,33.75,0.00021367073059082032,0.0002117156982421875,8.795545425543846e-06,33.75,66.25,8,7,1,87.5,12.5
NGCUT07,MAX_AREA,PERIMETER,True,100,0.0001667022705078125,0.00016188621520996094,1.048651535980207e-05,43.75,56.25,8,8,0,100.0,0.0
NGCUT07,MAX_AREA,PERIMETER,False,33.75,0.00013680458068847655,0.0001327991485595703,7.890754544615786e-06,33.75,66.25,8,7,1,87.5,12.5
NGCUT07,MAX_AREA,HEIGHT,True,33.75,0.00014863014221191406,0.0001456737518310547,9.050615466098357e-06,33.75,66.25,8,7,1,87.5,12.5
NGCUT07,MAX_AREA,HEIGHT,False,100,0.00016641616821289062,0.00016117095947265625,1.0011309411629266e-05,43.75,56.25,8,8,0,100.0,0.0
NGCUT07,MAX_AREA,WIDTH,True,100,0.0001652240753173828,0.00016188621520996094,9.342845070033902e-06,43.75,56.25,8,8,0,100.0,0.0
NGCUT07,MAX_AREA,WIDTH,False,33.75,0.00015196800231933593,0.0001499652862548828,8.457107268293519e-06,33.75,66.25,8,7,1,87.5,12.5
NGCUT07,MAX_AREA,ID,True,100,0.0001724720001220703,0.000171661376953125,8.74004919905536e-06,43.75,56.25,8,8,0,100.0,0.0
NGCUT07,MAX_AREA,ID,False,33.75,0.00014719963073730468,0.00014472007751464844,8.754345837633775e-06,33.75,66.25,8,7,1,87.5,12.5
NGCUT07,NONE,AREA,True,100,0.0007487297058105469,0.0007467269897460938,1.0180892087020261e-05,43.75,56.25,8,8,0,100.0,0.0
NGCUT07,NONE,AREA,False,33.75,0.0005747795104980469,0.0005695819854736328,9.87340820636579e-06,33.75,66.25,8,7,1,87.5,12.5
NGCUT07,NONE,PERIMETER,True,100,0.0007465362548828125,0.0007359981536865234,1.4397323969441963e-05,43.75,56.25,8,8,0,100.0,0.0
NGCUT07,NONE,PERIMETER,False,33.75,0.0005661964416503907,0.0005598068237304688,9.94682769190097e-06,33.75,66.25,8,7,1,87.5,12.5
NGCUT07,NONE,HEIGHT,True,100,0.0007367610931396484,0.0007336139678955078,1.0024246711119093e-05,43.75,56.25,8,8,0,100.0,0.0
NGCUT07,NONE,HEIGHT,False,100,0.0007493972778320312,0.0007467269897460938,8.553081686568033e-06,43.75,56.25,8,8,0,100.0,0.0
NGCUT07,NONE,WIDTH,True,100,0.0007425785064697265,0.0007355213165283203,1.3422436644447214e-05,43.75,56.25,8,8,0,100.0,0.0
NGCUT07,NONE,WIDTH,False,33.75,0.000569915771484375,0.0005669593811035156,8.211573368694022e-06,33.75,66.25,8,7,1,87.5,12.5
NGCUT07,NONE,ID,True,100,0.000740957260131836,0.0007374286651611328,9.836492964878945e-06,43.75,56.25,8,8,0,100.0,0.0
NGCUT07,NONE,ID,False,100,0.0007443904876708984,0.0007386207580566406,1.3904035162817075e-05,43.75,56.25,8,8,0,100.0,0.0
