Instance,SplitMode,OrderMode,Decrescent,Solution Quality %,Exec. Time,Median,Standard deviation,Occupied %,Free %,Nº Items,Inside Items,Outside Items,Inside Items %,Outside Items %
GCUT05,VERTICALLY,AREA,True,65.744,3.8051605224609374e-05,3.504753112792969e-05,4.675922650196557e-06,65.744,34.256,10,3,7,30.0,70.0
GCUT05,VERTICALLY,AREA,False,36.6852,3.662109375e-05,3.457069396972656e-05,4.4286852725987655e-06,36.6852,63.3148,10,3,7,30.0,70.0
GCUT05,VERTICALLY,PERIMETER,True,65.744,3.657341003417969e-05,3.4809112548828125e-05,3.7865794555839195e-06,65.744,34.256,10,3,7,30.0,70.0
GCUT05,VERTICALLY,PERIMETER,False,36.6852,3.8003921508789064e-05,3.528594970703125e-05,4.695332956348866e-06,36.6852,63.3148,10,3,7,30.0,70.0
GCUT05,VERTICALLY,HEIGHT,True,65.744,3.8003921508789064e-05,3.6716461181640625e-05,4.086914508288597e-06,65.744,34.256,10,3,7,30.0,70.0
GCUT05,VERTICALLY,HEIGHT,False,56.6948,4.7254562377929685e-05,4.6253204345703125e-05,4.033151713140583e-06,56.6948,43.3052,10,4,6,40.0,60.0
GCUT05,VERTICALLY,WIDTH,True,63.9648,3.948211669921875e-05,3.814697265625e-05,4.4286852725987655e-06,63.9648,36.0352,10,3,7,30.0,70.0
GCUT05,VERTICALLY,WIDTH,False,36.6852,3.938674926757812e-05,3.647804260253906e-05,5.193805238414804e-06,36.6852,63.3148,10,3,7,30.0,70.0
GCUT05,VERTICALLY,ID,True,46.244,3.881454467773438e-05,3.6716461181640625e-05,5.418767059649178e-06,46.244,53.756,10,3,7,30.0,70.0
GCUT05,VERTICALLY,ID,False,52.514799999999994,4.8732757568359376e-05,4.696846008300781e-05,3.907737970075202e-06,52.514799999999994,47.485200000000006,10,4,6,40.0,60.0
GCUT05,HORIZONTALLY,AREA,True,56.556799999999996,2.799034118652344e-05,2.6226043701171875e-05,4.253216385074187e-06,56.556799999999996,43.443200000000004,10,2,8,20.0,80.0
GCUT05,HORIZONTALLY,AREA,False,56.6948,5.0449371337890624e-05,4.863739013671875e-05,5.529255320574099e-06,56.6948,43.3052,10,4,6,40.0,60.0
GCUT05,HORIZONTALLY,PERIMETER,True,56.556799999999996,2.727508544921875e-05,2.5987625122070312e-05,3.971226275187876e-06,56.556799999999996,43.443200000000004,10,2,8,20.0,80.0
GCUT05,HORIZONTALLY,PERIMETER,False,56.935599999999994,4.963874816894531e-05,4.7206878662109375e-05,5.114398070446748e-06,56.935599999999994,43.064400000000006,10,4,6,40.0,60.0
GCUT05,HORIZONTALLY,HEIGHT,True,56.556799999999996,4.034042358398437e-05,3.886222839355469e-05,3.872082147724493e-06,56.556799999999996,43.443200000000004,10,2,8,20.0,80.0
GCUT05,HORIZONTALLY,HEIGHT,False,57.066399999999994,3.724098205566406e-05,3.4809112548828125e-05,4.3504694854572464e-06,57.066399999999994,42.933600000000006,10,3,7,30.0,70.0
GCUT05,HORIZONTALLY,WIDTH,True,63.9648,3.690719604492188e-05,3.4809112548828125e-05,4.019032956257912e-06,63.9648,36.0352,10,3,7,30.0,70.0
GCUT05,HORIZONTALLY,WIDTH,False,52.9212,5.1593780517578126e-05,4.887580871582031e-05,5.229145074369527e-06,52.9212,47.0788,10,4,6,40.0,60.0
GCUT05,HORIZONTALLY,ID,True,57.342000000000006,5.030632019042969e-05,4.792213439941406e-05,5.277620225233711e-06,57.342000000000006,42.657999999999994,10,4,6,40.0,60.0
GCUT05,HORIZONTALLY,ID,False,52.514799999999994,5.216598510742188e-05,5.125999450683594e-05,5.123281867432897e-06,52.514799999999994,47.485200000000006,10,4,6,40.0,60.0
GCUT05,MAX_AREA,AREA,True,72.7928,7.59124755859375e-05,7.176399230957031e-05,8.529389262709056e-06,72.7928,27.2072,10,3,7,30.0,70.0
GCUT05,MAX_AREA,AREA,False,56.6948,9.589195251464843e-05,9.274482727050781e-05,7.856100206992712e-06,56.6948,43.3052,10,4,6,40.0,60.0
GCUT05,MAX_AREA,PERIMETER,True,72.7928,7.190704345703126e-05,6.818771362304688e-05,7.467641370553831e-06,72.7928,27.2072,10,3,7,30.0,70.0
GCUT05,MAX_AREA,PERIMETER,False,52.9212,9.579658508300782e-05,9.369850158691406e-05,7.802373219935775e-06,52.9212,47.0788,10,4,6,40.0,60.0
GCUT05,MAX_AREA,HEIGHT,True,72.7928,7.114410400390624e-05,6.794929504394531e-05,6.444538428503686e-06,72.7928,27.2072,10,3,7,30.0,70.0
GCUT05,MAX_AREA,HEIGHT,False,66.2536,9.49859619140625e-05,9.465217590332031e-05,7.63922296698165e-06,66.2536,33.746399999999994,10,4,6,40.0,60.0
GCUT05,MAX_AREA,WIDTH,True,63.9648,7.190704345703126e-05,6.937980651855469e-05,7.270164000456504e-06,63.9648,36.0352,10,3,7,30.0,70.0
GCUT05,MAX_AREA,WIDTH,False,52.9212,9.174346923828125e-05,8.869171142578125e-05,7.2086045657808325e-06,52.9212,47.0788,10,4,6,40.0,60.0
GCUT05,MAX_AREA,ID,True,57.342000000000006,9.083747863769531e-05,8.726119995117188e-05,6.820605104804505e-06,57.342000000000006,42.657999999999994,10,4,6,40.0,60.0
GCUT05,MAX_AREA,ID,False,68.9148,0.0001178741455078125,0.00011730194091796875,6.989528446593007e-06,68.9148,31.0852,10,5,5,50.0,50.0
GCUT05,NONE,AREA,True,72.7928,0.00012221336364746094,0.00011968612670898438,6.570324651008658e-06,72.7928,27.2072,10,3,7,30.0,70.0
GCUT05,NONE,AREA,False,56.6948,0.0004733085632324219,0.0004715919494628906,7.233794140456682e-06,56.6948,43.3052,10,4,6,40.0,60.0
GCUT05,NONE,PERIMETER,True,72.7928,0.00012221336364746094,0.00011920928955078125,5.893522093002463e-06,72.7928,27.2072,10,3,7,30.0,70.0
GCUT05,NONE,PERIMETER,False,52.514799999999994,0.0005687236785888672,0.0005724430084228516,1.1490291483807846e-05,52.514799999999994,47.485200000000006,10,4,6,40.0,60.0
GCUT05,NONE,HEIGHT,True,72.7928,0.000115203857421875,0.00011181831359863281,7.2196358189735945e-06,72.7928,27.2072,10,3,7,30.0,70.0
GCUT05,NONE,HEIGHT,False,66.2536,0.00042409896850585936,0.0004246234893798828,3.7070830775407424e-06,66.2536,33.746399999999994,10,4,6,40.0,60.0
GCUT05,NONE,WIDTH,True,63.9648,0.000118255615234375,0.0001163482666015625,7.093503674178738e-06,63.9648,36.0352,10,3,7,30.0,70.0
GCUT05,NONE,WIDTH,False,52.9212,0.0003958225250244141,0.0003829002380371094,2.5632115210029716e-05,52.9212,47.0788,10,4,6,40.0,60.0
GCUT05,NONE,ID,True,73.3356,0.00030841827392578123,0.00030517578125,6.287383176851902e-06,73.3356,26.6644,10,5,5,50.0,50.0
GCUT05,NONE,ID,False,52.514799999999994,0.000315093994140625,0.00031280517578125,5.8373126524045935e-06,52.514799999999994,47.485200000000006,10,4,6,40.0,60.0
