Instance,SplitMode,OrderMode,Decrescent,Solution Quality %,Exec. Time,Median,Standard deviation,Occupied %,Free %,Nº Items,Inside Items,Outside Items,Inside Items %,Outside Items %
BKW01,VERTICALLY,AREA,True,100,7.481575012207032e-05,6.699562072753906e-05,1.3669849356385235e-05,100.0,0.0,10,10,0,100.0,0.0
BKW01,VERTICALLY,AREA,False,60.0,8.363723754882813e-05,8.177757263183594e-05,6.263469802032677e-06,60.0,40.0,10,9,1,90.0,10.0
BKW01,VERTICALLY,PERIMETER,True,100,7.13348388671875e-05,6.985664367675781e-05,5.193805238414804e-06,100.0,0.0,10,10,0,100.0,0.0
BKW01,VERTICALLY,PERIMETER,False,60.0,8.482933044433594e-05,8.225440979003906e-05,5.443885088543922e-06,60.0,40.0,10,9,1,90.0,10.0
BKW01,VERTICALLY,HEIGHT,True,60.0,9.050369262695313e-05,8.797645568847656e-05,5.931976905854792e-06,60.0,40.0,10,9,1,90.0,10.0
BKW01,VERTICALLY,HEIGHT,False,24.0,8.144378662109376e-05,7.915496826171875e-05,5.594663543191433e-06,24.0,76.0,10,8,2,80.0,20.0
BKW01,VERTICALLY,WIDTH,True,100,6.160736083984374e-05,5.936622619628906e-05,5.1170648289857155e-06,100.0,0.0,10,10,0,100.0,0.0
BKW01,VERTICALLY,WIDTH,False,60.0,8.611679077148437e-05,8.249282836914062e-05,6.822938246111226e-06,60.0,40.0,10,9,1,90.0,10.0
BKW01,VERTICALLY,ID,True,60.0,0.00010232925415039062,0.00010013580322265625,6.357153220843436e-06,60.0,40.0,10,9,1,90.0,10.0
BKW01,VERTICALLY,ID,False,60.0,0.00010213851928710937,9.918212890625e-05,6.196314939973932e-06,60.0,40.0,10,9,1,90.0,10.0
BKW01,HORIZONTALLY,AREA,True,100,6.52313232421875e-05,6.198883056640625e-05,7.153510983793469e-06,100.0,0.0,10,10,0,100.0,0.0
BKW01,HORIZONTALLY,AREA,False,12.75,7.052421569824219e-05,6.747245788574219e-05,6.892565251567003e-06,12.75,87.25,10,6,4,60.0,40.0
BKW01,HORIZONTALLY,PERIMETER,True,100,6.442070007324218e-05,6.270408630371094e-05,5.708917816717358e-06,100.0,0.0,10,10,0,100.0,0.0
BKW01,HORIZONTALLY,PERIMETER,False,12.75,7.042884826660156e-05,6.842613220214844e-05,5.0341900902630455e-06,12.75,87.25,10,6,4,60.0,40.0
BKW01,HORIZONTALLY,HEIGHT,True,100,6.999969482421876e-05,6.818771362304688e-05,6.170574988582801e-06,100.0,0.0,10,10,0,100.0,0.0
BKW01,HORIZONTALLY,HEIGHT,False,12.75,7.076263427734375e-05,7.009506225585938e-05,4.7190017771675135e-06,12.75,87.25,10,6,4,60.0,40.0
BKW01,HORIZONTALLY,WIDTH,True,88.75,7.042884826660156e-05,6.723403930664062e-05,5.83925991624513e-06,88.75,11.25,10,8,2,80.0,20.0
BKW01,HORIZONTALLY,WIDTH,False,24.0,8.959770202636719e-05,8.654594421386719e-05,6.378577073596583e-06,24.0,76.0,10,8,2,80.0,20.0
BKW01,HORIZONTALLY,ID,True,17.75,8.058547973632812e-05,7.915496826171875e-05,4.485818796688742e-06,17.75,82.25,10,7,3,70.0,30.0
BKW01,HORIZONTALLY,ID,False,52.75,7.176399230957031e-05,6.961822509765625e-05,5.974752467223009e-06,52.75,47.25,10,7,3,70.0,30.0
BKW01,MAX_AREA,AREA,True,100,0.0001556873321533203,0.00015044212341308594,1.1150243303729264e-05,100.0,0.0,10,10,0,100.0,0.0
BKW01,MAX_AREA,AREA,False,60.0,0.00018935203552246095,0.0001838207244873047,1.1747432850351402e-05,60.0,40.0,10,9,1,90.0,10.0
BKW01,MAX_AREA,PERIMETER,True,100,0.00015463829040527344,0.0001506805419921875,9.502827418144246e-06,100.0,0.0,10,10,0,100.0,0.0
BKW01,MAX_AREA,PERIMETER,False,60.0,0.0001953601837158203,0.00018835067749023438,1.2620970726077714e-05,60.0,40.0,10,9,1,90.0,10.0
BKW01,MAX_AREA,HEIGHT,True,98.75,0.00015716552734375,0.000152587890625,1.0803703186964586e-05,98.75,1.25,10,9,1,90.0,10.0
BKW01,MAX_AREA,HEIGHT,False,60.0,0.0001896381378173828,0.00018453598022460938,1.2174391322543616e-05,60.0,40.0,10,9,1,90.0,10.0
BKW01,MAX_AREA,WIDTH,True,88.75,0.00014066696166992188,0.00013494491577148438,1.0286870687982822e-05,88.75,11.25,10,8,2,80.0,20.0
BKW01,MAX_AREA,WIDTH,False,60.0,0.00018467903137207032,0.00017881393432617188,1.1203745412369504e-05,60.0,40.0,10,9,1,90.0,10.0
BKW01,MAX_AREA,ID,True,60.0,0.00018448829650878905,0.00018072128295898438,1.0768921460530116e-05,60.0,40.0,10,9,1,90.0,10.0
BKW01,MAX_AREA,ID,False,52.75,0.0002300739288330078,0.0002315044403076172,2.471056465163837e-05,52.75,47.25,10,7,3,70.0,30.0
BKW01,NONE,AREA,True,100,0.0016429901123046875,0.0016300678253173828,2.582609212583651e-05,100.0,0.0,10,10,0,100.0,0.0
BKW01,NONE,AREA,False,60.0,0.001643800735473633,0.0016446113586425781,5.572266066738717e-06,60.0,40.0,10,9,1,90.0,10.0
BKW01,NONE,PERIMETER,True,100,0.001628541946411133,0.0016069412231445312,2.9965184577203092e-05,100.0,0.0,10,10,0,100.0,0.0
BKW01,NONE,PERIMETER,False,60.0,0.001674795150756836,0.0016574859619140625,3.207118957344007e-05,60.0,40.0,10,9,1,90.0,10.0
BKW01,NONE,HEIGHT,True,60.0,0.0012999534606933593,0.0013077259063720703,1.976120423017619e-05,60.0,40.0,10,9,1,90.0,10.0
BKW01,NONE,HEIGHT,False,60.0,0.0019024372100830077,0.001804351806640625,0.00020633667845166055,60.0,40.0,10,9,1,90.0,10.0
BKW01,NONE,WIDTH,True,100,0.0020637035369873045,0.002043008804321289,6.141884722750423e-05,100.0,0.0,10,10,0,100.0,0.0
BKW01,NONE,WIDTH,False,60.0,0.0018049716949462891,0.0018084049224853516,3.117822284344366e-05,60.0,40.0,10,9,1,90.0,10.0
BKW01,NONE,ID,True,60.0,0.0016782283782958984,0.0016629695892333984,2.2976427042603822e-05,60.0,40.0,10,9,1,90.0,10.0
BKW01,NONE,ID,False,52.75,0.0008477210998535156,0.0007889270782470703,0.0001025200555490677,52.75,47.25,10,7,3,70.0,30.0
