Instance,SplitMode,OrderMode,Decrescent,Solution Quality %,Exec. Time,Median,Standard deviation,Occupied %,Free %,Nº Items,Inside Items,Outside Items,Inside Items %,Outside Items %
OKP1,VERTICALLY,AREA,True,77.56,0.00014400482177734375,0.00013756752014160156,1.3803591562395218e-05,77.56,22.439999999999998,50,8,42,16.0,84.0
OKP1,VERTICALLY,AREA,False,65.74,0.000409698486328125,0.00040411949157714844,1.1049460111969177e-05,65.74,34.260000000000005,50,24,26,48.0,52.0
OKP1,VERTICALLY,PERIMETER,True,91.16,0.00015883445739746095,0.00015592575073242188,7.403117635755672e-06,91.16,8.840000000000003,50,17,33,34.0,66.0
OKP1,VERTICALLY,PERIMETER,False,59.86,0.0003964424133300781,0.0003933906555175781,8.313119445443807e-06,59.86,40.14,50,23,27,46.0,54.0
OKP1,VERTICALLY,HEIGHT,True,79.7,0.00036492347717285154,0.0003609657287597656,8.51070843403744e-06,79.7,20.299999999999997,50,19,31,38.0,62.0
OKP1,VERTICALLY,HEIGHT,False,91.38,0.0002090930938720703,0.0002071857452392578,6.670609288831157e-06,91.38,8.620000000000005,50,21,29,42.0,57.99999999999999
OKP1,VERTICALLY,WIDTH,True,91.62,0.00015158653259277343,0.0001480579376220703,7.903710748203883e-06,91.62,8.379999999999995,50,16,34,32.0,68.0
OKP1,VERTICALLY,WIDTH,False,65.74,0.00042324066162109376,0.00041985511779785156,9.360351066882857e-06,65.74,34.260000000000005,50,24,26,48.0,52.0
OKP1,VERTICALLY,ID,True,86.04,0.0001819133758544922,0.0001800060272216797,5.286229725614771e-06,86.04,13.959999999999994,50,14,36,28.000000000000004,72.0
OKP1,VERTICALLY,ID,False,82.12,0.00040898323059082033,0.00040721893310546875,1.1107952048691257e-05,82.12,17.879999999999995,50,23,27,46.0,54.0
OKP1,HORIZONTALLY,AREA,True,93.10000000000001,0.00013990402221679686,0.00013756752014160156,6.324881378925794e-06,93.10000000000001,6.8999999999999915,50,11,39,22.0,78.0
OKP1,HORIZONTALLY,AREA,False,58.660000000000004,0.0002507209777832031,0.00024580955505371094,9.968748095383843e-06,58.660000000000004,41.339999999999996,50,21,29,42.0,57.99999999999999
OKP1,HORIZONTALLY,PERIMETER,True,83.78,0.00010733604431152343,0.00010538101196289062,5.848597757897173e-06,83.78,16.22,50,13,37,26.0,74.0
OKP1,HORIZONTALLY,PERIMETER,False,57.92,0.00023813247680664061,0.00023436546325683594,9.497801429559785e-06,57.92,42.08,50,19,31,38.0,62.0
OKP1,HORIZONTALLY,HEIGHT,True,83.7,0.0002615928649902344,0.0002579689025878906,8.64299411836659e-06,83.7,16.299999999999997,50,23,27,46.0,54.0
OKP1,HORIZONTALLY,HEIGHT,False,69.32000000000001,0.0001186370849609375,0.00011658668518066406,5.568184119031906e-06,69.32000000000001,30.679999999999993,50,13,37,26.0,74.0
OKP1,HORIZONTALLY,WIDTH,True,83.78,0.000118255615234375,0.00011587142944335938,6.870427571993971e-06,83.78,16.22,50,13,37,26.0,74.0
OKP1,HORIZONTALLY,WIDTH,False,61.06,0.0002837181091308594,0.0002808570861816406,8.612159597312528e-06,61.06,38.94,50,24,26,48.0,52.0
OKP1,HORIZONTALLY,ID,True,81.52000000000001,0.00017333030700683594,0.00017070770263671875,5.743859356461731e-06,81.52000000000001,18.47999999999999,50,13,37,26.0,74.0
OKP1,HORIZONTALLY,ID,False,68.56,0.00019655227661132812,0.00019311904907226562,7.618359691799765e-06,68.56,31.439999999999998,50,17,33,34.0,66.0
OKP1,MAX_AREA,AREA,True,77.56,0.00023112297058105468,0.00022530555725097656,1.0773354462132592e-05,77.56,22.439999999999998,50,8,42,16.0,84.0
OKP1,MAX_AREA,AREA,False,67.06,0.0007051467895507812,0.0006983280181884766,1.716123616918667e-05,67.06,32.94,50,25,25,50.0,50.0
OKP1,MAX_AREA,PERIMETER,True,88.4,0.00025391578674316406,0.0002474784851074219,1.0189152084809597e-05,88.4,11.599999999999994,50,14,36,28.000000000000004,72.0
OKP1,MAX_AREA,PERIMETER,False,67.16,0.0005058765411376954,0.00049591064453125,1.5303724404652182e-05,67.16,32.84,50,17,33,34.0,66.0
OKP1,MAX_AREA,HEIGHT,True,79.7,0.0005631923675537109,0.0005557537078857422,1.4654812567997941e-05,79.7,20.299999999999997,50,19,31,38.0,62.0
OKP1,MAX_AREA,HEIGHT,False,78.56,0.00029587745666503906,0.0002932548522949219,8.762653148286737e-06,78.56,21.439999999999998,50,15,35,30.0,70.0
OKP1,MAX_AREA,WIDTH,True,88.4,0.0003719806671142578,0.00036716461181640625,1.687249052754051e-05,88.4,11.599999999999994,50,14,36,28.000000000000004,72.0
OKP1,MAX_AREA,WIDTH,False,65.74,0.0006805419921875,0.0006704330444335938,2.0625949412689196e-05,65.74,34.260000000000005,50,24,26,48.0,52.0
OKP1,MAX_AREA,ID,True,77.52,0.0002514362335205078,0.00024628639221191406,8.00546964021658e-06,77.52,22.480000000000004,50,9,41,18.0,82.0
OKP1,MAX_AREA,ID,False,62.660000000000004,0.0005758285522460937,0.0005743503570556641,1.6950471121390278e-05,62.660000000000004,37.339999999999996,50,20,30,40.0,60.0
OKP1,NONE,AREA,True,97.22,0.0017846107482910156,0.0017781257629394531,2.434878264508723e-05,97.22,2.780000000000001,50,9,41,18.0,82.0
OKP1,NONE,AREA,False,67.06,0.021143007278442382,0.021052122116088867,0.0002479682240430756,67.06,32.94,50,25,25,50.0,50.0
OKP1,NONE,PERIMETER,True,91.16,0.004056692123413086,0.003915548324584961,0.00028389504469298775,91.16,8.840000000000003,50,17,33,34.0,66.0
OKP1,NONE,PERIMETER,False,65.92,0.02232522964477539,0.022446870803833008,0.000220570066939137,65.92,34.08,50,25,25,50.0,50.0
OKP1,NONE,HEIGHT,True,88.53999999999999,0.008448314666748048,0.00835418701171875,0.00017003262888930316,88.53999999999999,11.460000000000008,50,21,29,42.0,57.99999999999999
OKP1,NONE,HEIGHT,False,91.38,0.006683444976806641,0.0066127777099609375,9.993767437993422e-05,91.38,8.620000000000005,50,21,29,42.0,57.99999999999999
OKP1,NONE,WIDTH,True,91.62,0.002979564666748047,0.002957582473754883,6.730880368041394e-05,91.62,8.379999999999995,50,16,34,32.0,68.0
OKP1,NONE,WIDTH,False,65.74,0.02288966178894043,0.022974729537963867,0.0004366130842564009,65.74,34.260000000000005,50,24,26,48.0,52.0
OKP1,NONE,ID,True,90.03999999999999,0.009447908401489258,0.009465932846069336,0.0001270359520191605,90.03999999999999,9.960000000000008,50,18,32,36.0,64.0
OKP1,NONE,ID,False,92.12,0.018555498123168944,0.01851511001586914,0.00010149371099761923,92.12,7.8799999999999955,50,25,25,50.0,50.0
