Instance,SplitMode,OrderMode,Decrescent,Solution Quality %,Exec. Time,Median,Standard deviation,Occupied %,Free %,Nº Items,Inside Items,Outside Items,Inside Items %,Outside Items %
BKW08,VERTICALLY,AREA,True,81.69999999999999,0.0009809970855712891,0.0009744167327880859,9.369091799188125e-06,81.69999999999999,18.30000000000001,80,66,14,82.5,17.5
BKW08,VERTICALLY,AREA,False,47.85,0.0007144927978515625,0.000713348388671875,1.2107720822073386e-05,47.85,52.15,80,68,12,85.0,15.0
BKW08,VERTICALLY,PERIMETER,True,86.9375,0.0010267257690429687,0.0010221004486083984,1.651165283298319e-05,86.9375,13.0625,80,64,16,80.0,20.0
BKW08,VERTICALLY,PERIMETER,False,58.3625,0.0008532047271728515,0.0008528232574462891,1.3980032777643426e-05,58.3625,41.6375,80,72,8,90.0,10.0
BKW08,VERTICALLY,HEIGHT,True,70.2375,0.0009718894958496094,0.0009644031524658203,1.6154578599478355e-05,70.2375,29.762500000000003,80,64,16,80.0,20.0
BKW08,VERTICALLY,HEIGHT,False,57.675,0.0009340286254882812,0.0009181499481201172,2.2099537549574304e-05,57.675,42.325,80,74,6,92.5,7.5
BKW08,VERTICALLY,WIDTH,True,92.7,0.0008845806121826171,0.0008723735809326172,1.8480992744717384e-05,92.7,7.299999999999997,80,69,11,86.25,13.750000000000002
BKW08,VERTICALLY,WIDTH,False,51.1875,0.0007119655609130859,0.0006742477416992188,0.00010523790680123841,51.1875,48.8125,80,65,15,81.25,18.75
BKW08,VERTICALLY,ID,True,54.4875,0.0014293670654296875,0.0014541149139404297,0.00015930917510672602,54.4875,45.5125,80,68,12,85.0,15.0
BKW08,VERTICALLY,ID,False,70.1875,0.000896453857421875,0.0008955001831054688,5.1132198092973595e-05,70.1875,29.8125,80,67,13,83.75,16.25
BKW08,HORIZONTALLY,AREA,True,72.1875,0.0011305809020996094,0.0011181831359863281,9.208563841039532e-05,72.1875,27.8125,80,63,17,78.75,21.25
BKW08,HORIZONTALLY,AREA,False,16.3875,0.0007124900817871094,0.0007026195526123047,2.5191537678009798e-05,16.3875,83.6125,80,41,39,51.24999999999999,48.75
BKW08,HORIZONTALLY,PERIMETER,True,72.95,0.0012428760528564453,0.0011653900146484375,0.0001523837571824852,72.95,27.049999999999997,80,63,17,78.75,21.25
BKW08,HORIZONTALLY,PERIMETER,False,16.3875,0.000716400146484375,0.0006935596466064453,4.201782327371424e-05,16.3875,83.6125,80,41,39,51.24999999999999,48.75
BKW08,HORIZONTALLY,HEIGHT,True,83.3125,0.0018449783325195312,0.0018968582153320312,0.00010716013133159887,83.3125,16.6875,80,72,8,90.0,10.0
BKW08,HORIZONTALLY,HEIGHT,False,10.95,0.0006463050842285157,0.0006275177001953125,4.391703879924321e-05,10.95,89.05,80,28,52,35.0,65.0
BKW08,HORIZONTALLY,WIDTH,True,53.8875,0.0008495330810546875,0.0008494853973388672,3.303259944405744e-05,53.8875,46.1125,80,57,23,71.25,28.749999999999996
BKW08,HORIZONTALLY,WIDTH,False,24.762500000000003,0.0009671211242675781,0.0009367465972900391,5.723150464576312e-05,24.762500000000003,75.2375,80,55,25,68.75,31.25
BKW08,HORIZONTALLY,ID,True,32.35,0.0011180877685546876,0.00107574462890625,0.00012432166205002043,32.35,67.65,80,59,21,73.75,26.25
BKW08,HORIZONTALLY,ID,False,36.762499999999996,0.0009447097778320313,0.0009379386901855469,2.444766012710841e-05,36.762499999999996,63.237500000000004,80,56,24,70.0,30.0
BKW08,MAX_AREA,AREA,True,93.7875,0.0020847320556640625,0.0020830631256103516,2.5350970270194697e-05,93.7875,6.212500000000006,80,75,5,93.75,6.25
BKW08,MAX_AREA,AREA,False,50.55,0.0015254020690917969,0.0015070438385009766,3.1262121955453447e-05,50.55,49.45,80,72,8,90.0,10.0
BKW08,MAX_AREA,PERIMETER,True,96.3,0.0015986442565917968,0.0015859603881835938,3.2564661518994905e-05,96.3,3.700000000000003,80,66,14,82.5,17.5
BKW08,MAX_AREA,PERIMETER,False,57.675,0.0017844200134277343,0.001772165298461914,8.001017763418944e-05,57.675,42.325,80,74,6,92.5,7.5
BKW08,MAX_AREA,HEIGHT,True,91.7,0.002244901657104492,0.0021042823791503906,0.00034130061873229484,91.7,8.299999999999997,80,71,9,88.75,11.25
BKW08,MAX_AREA,HEIGHT,False,39.875,0.002033710479736328,0.0020248889923095703,3.829035040311134e-05,39.875,60.125,80,65,15,81.25,18.75
BKW08,MAX_AREA,WIDTH,True,80.5,0.0019263267517089845,0.001928091049194336,8.810521088269935e-05,80.5,19.5,80,73,7,91.25,8.75
BKW08,MAX_AREA,WIDTH,False,58.35,0.001693391799926758,0.0015292167663574219,0.0003380266831935096,58.35,41.65,80,74,6,92.5,7.5
BKW08,MAX_AREA,ID,True,63.075,0.0017602920532226562,0.0017232894897460938,5.670842914603459e-05,63.075,36.925,80,73,7,91.25,8.75
BKW08,MAX_AREA,ID,False,82.7125,0.001829671859741211,0.001806497573852539,4.151042061408754e-05,82.7125,17.287499999999994,80,76,4,95.0,5.0
BKW08,NONE,AREA,True,94.19999999999999,0.5425820827484131,0.5438253879547119,0.003842859695865421,94.19999999999999,5.800000000000011,80,55,25,68.75,31.25
BKW08,NONE,AREA,False,66.725,1.1957141876220703,1.1926321983337402,0.013808246260724775,66.725,33.275000000000006,80,76,4,95.0,5.0
BKW08,NONE,PERIMETER,True,95.5375,0.5988252639770508,0.5951657295227051,0.00707702613875443,95.5375,4.462500000000006,80,62,18,77.5,22.5
BKW08,NONE,PERIMETER,False,66.725,1.1602035999298095,1.1528687477111816,0.01222795157610224,66.725,33.275000000000006,80,76,4,95.0,5.0
BKW08,NONE,HEIGHT,True,91.03750000000001,0.7239438533782959,0.6995670795440674,0.07375665344157858,91.03750000000001,8.962499999999991,80,71,9,88.75,11.25
BKW08,NONE,HEIGHT,False,53.0,1.0804144382476806,1.0463621616363525,0.08554242762882436,53.0,47.0,80,68,12,85.0,15.0
BKW08,NONE,WIDTH,True,94.175,0.6746696949005127,0.6726419925689697,0.006042135601259778,94.175,5.825000000000003,80,78,2,97.5,2.5
BKW08,NONE,WIDTH,False,70.4375,1.3155694484710694,1.3196520805358887,0.008750366141050903,70.4375,29.5625,80,75,5,93.75,6.25
BKW08,NONE,ID,True,82.45,0.9110936641693115,0.908519983291626,0.011371243137393345,82.45,17.549999999999997,80,77,3,96.25,3.75
BKW08,NONE,ID,False,86.95,0.6164568901062012,0.6105408668518066,0.012898431184412104,86.95,13.049999999999997,80,76,4,95.0,5.0
