500 500 50 1 0 0 0 0
 277 242 0 0 0
 233 177 0 0 0
 182 216 0 0 0
 147 134 0 0 0
 213 127 0 0 0
 315 212 0 0 0
 261 175 0 0 0
 210 281 0 0 0
 243 256 0 0 0
 159 314 0 0 0
 217 147 0 0 0
 260 349 0 0 0
 222 199 0 0 0
 296 127 0 0 0
 263 302 0 0 0
 226 250 0 0 0
 264 344 0 0 0
 237 179 0 0 0
 245 137 0 0 0
 137 328 0 0 0
 321 154 0 0 0
 200 174 0 0 0
 270 128 0 0 0
 299 179 0 0 0
 165 370 0 0 0
 198 182 0 0 0
 155 295 0 0 0
 278 219 0 0 0
 184 155 0 0 0
 187 270 0 0 0
 208 293 0 0 0
 261 204 0 0 0
 344 168 0 0 0
 213 135 0 0 0
 362 162 0 0 0
 362 374  0 0 0
 237 322 0 0 0
 281 308 0 0 0
 155 344 0 0 0
 210 163 0 0 0
 325 225 0 0 0
 360 225 0 0 0
 346 347  0 0 0
 131 144 0 0 0
 284 284 0 0 0
 262 228 0 0 0
 146 178 0 0 0
 254 164 0 0 0
 332 238 0 0 0
 313 304 0 0 0
gcut8