250 250 50 1 0 0 0 0
 139 103 0 0  0
 166 99  0 0 0
 88 74   0 0 0
 174 139 0 0 0
 128 109 0 0 0
 175 179 0 0 0
 62 82   0 0 0
 178 87  0 0 0
 121 77  0 0 0
 125 97  0 0 0
 73 84   0 0 0
 69 97   0 0 0
 122 159 0 0 0
 66 69   0 0 0
 111 118 0 0 0
 165 86  0 0 0
 71 83   0 0 0
 163 162 0 0 0
 67 132  0 0 0
 121 152 0 0 0
 68 150  0 0 0
 138 124 0 0 0
 141 105 0 0 0
 183 122 0 0 0
 171 63  0 0 0
 101 64  0 0 0
 103 95  0 0 0
 110 107 0 0 0
 184 158 0 0 0
 85 97   0 0 0
 86 92   0 0 0
 127 155 0 0 0
 92 147  0 0 0
 106 97  0 0 0
 177 108 0 0 0
 164 150 0 0 0
 68 84   0 0 0
 62 151  0 0 0
 123 134 0 0 0
 158 178 0 0 0
 70 140  0 0 0
 173 117 0 0 0
 147 136 0 0 0
 141 145 0 0 0
 84 164  0 0 0
 144 141 0 0 0
 92 103  0 0 0
 156 98  0 0 0
 160 111 0 0 0
 127 131 0 0 0
gcut4