Instance,SplitMode,OrderMode,Decrescent,Solution Quality %,Exec. Time,Median,Standard deviation,Occupied %,Free %,Nº Items,Inside Items,Outside Items,Inside Items %,Outside Items %
NGCUT01,VERTICALLY,AREA,True,78.0,5.211830139160156e-05,4.673004150390625e-05,1.1104881206631223e-05,78.0,22.0,10,4,6,40.0,60.0
NGCUT01,VERTICALLY,AREA,False,70.0,4.162788391113281e-05,4.0531158447265625e-05,4.680782772753916e-06,70.0,30.0,10,4,6,40.0,60.0
NGCUT01,VERTICALLY,PERIMETER,True,62.0,3.1900405883789065e-05,3.0040740966796875e-05,4.491897144729876e-06,62.0,38.0,10,3,7,30.0,70.0
NGCUT01,VERTICALLY,PERIMETER,False,60.0,3.3283233642578124e-05,3.1948089599609375e-05,4.174980953187472e-06,60.0,40.0,10,3,7,30.0,70.0
NGCUT01,VERTICALLY,HEIGHT,True,78.0,4.9734115600585936e-05,4.8160552978515625e-05,4.512603059509651e-06,78.0,22.0,10,4,6,40.0,60.0
NGCUT01,VERTICALLY,HEIGHT,False,70.0,4.3725967407226564e-05,4.220008850097656e-05,4.947630735838959e-06,70.0,30.0,10,4,6,40.0,60.0
NGCUT01,VERTICALLY,WIDTH,True,72.0,3.6716461181640625e-05,3.528594970703125e-05,4.708389677555918e-06,72.0,28.0,10,4,6,40.0,60.0
NGCUT01,VERTICALLY,WIDTH,False,78.0,4.673004150390625e-05,4.506111145019531e-05,4.698721516065602e-06,78.0,22.0,10,4,6,40.0,60.0
NGCUT01,VERTICALLY,ID,True,76.0,4.6873092651367186e-05,4.4345855712890625e-05,4.517638886385732e-06,76.0,24.0,10,4,6,40.0,60.0
NGCUT01,VERTICALLY,ID,False,78.0,4.8112869262695315e-05,4.5299530029296875e-05,5.50204790496338e-06,78.0,22.0,10,4,6,40.0,60.0
NGCUT01,HORIZONTALLY,AREA,True,62.0,3.261566162109375e-05,3.0994415283203125e-05,4.7478233100487245e-06,62.0,38.0,10,3,7,30.0,70.0
NGCUT01,HORIZONTALLY,AREA,False,92.0,4.510879516601562e-05,4.315376281738281e-05,4.016203248833765e-06,92.0,8.0,10,5,5,50.0,50.0
NGCUT01,HORIZONTALLY,PERIMETER,True,62.0,2.93731689453125e-05,2.765655517578125e-05,4.2925939311702345e-06,62.0,38.0,10,3,7,30.0,70.0
NGCUT01,HORIZONTALLY,PERIMETER,False,76.0,3.914833068847656e-05,3.719329833984375e-05,4.412740822318754e-06,76.0,24.0,10,4,6,40.0,60.0
NGCUT01,HORIZONTALLY,HEIGHT,True,78.0,4.100799560546875e-05,3.838539123535156e-05,4.2702890734173036e-06,78.0,22.0,10,4,6,40.0,60.0
NGCUT01,HORIZONTALLY,HEIGHT,False,92.0,4.324913024902344e-05,4.124641418457031e-05,4.575152517818825e-06,92.0,8.0,10,5,5,50.0,50.0
NGCUT01,HORIZONTALLY,WIDTH,True,92.0,4.3725967407226564e-05,4.076957702636719e-05,5.523083585956672e-06,92.0,8.0,10,5,5,50.0,50.0
NGCUT01,HORIZONTALLY,WIDTH,False,78.0,4.520416259765625e-05,4.172325134277344e-05,6.5216960775867954e-06,78.0,22.0,10,4,6,40.0,60.0
NGCUT01,HORIZONTALLY,ID,True,76.0,4.7540664672851564e-05,4.5299530029296875e-05,3.976947681807144e-06,76.0,24.0,10,4,6,40.0,60.0
NGCUT01,HORIZONTALLY,ID,False,57.99999999999999,3.4761428833007815e-05,3.337860107421875e-05,4.363515965550745e-06,57.99999999999999,42.00000000000001,10,3,7,30.0,70.0
NGCUT01,MAX_AREA,AREA,True,78.0,9.846687316894531e-05,9.298324584960938e-05,8.986830894004628e-06,78.0,22.0,10,4,6,40.0,60.0
NGCUT01,MAX_AREA,AREA,False,92.0,9.622573852539063e-05,9.226799011230469e-05,8.614271455999817e-06,92.0,8.0,10,5,5,50.0,50.0
NGCUT01,MAX_AREA,PERIMETER,True,62.0,6.814002990722657e-05,6.437301635742188e-05,6.344622565643271e-06,62.0,38.0,10,3,7,30.0,70.0
NGCUT01,MAX_AREA,PERIMETER,False,60.0,6.289482116699219e-05,5.936622619628906e-05,7.837265127851342e-06,60.0,40.0,10,3,7,30.0,70.0
NGCUT01,MAX_AREA,HEIGHT,True,78.0,9.484291076660157e-05,9.036064147949219e-05,1.0083048409964458e-05,78.0,22.0,10,4,6,40.0,60.0
NGCUT01,MAX_AREA,HEIGHT,False,92.0,9.26971435546875e-05,9.012222290039062e-05,6.874397770286598e-06,92.0,8.0,10,5,5,50.0,50.0
NGCUT01,MAX_AREA,WIDTH,True,92.0,8.921623229980468e-05,8.58306884765625e-05,6.358941298740254e-06,92.0,8.0,10,5,5,50.0,50.0
NGCUT01,MAX_AREA,WIDTH,False,78.0,9.403228759765624e-05,9.250640869140625e-05,7.112070573264963e-06,78.0,22.0,10,4,6,40.0,60.0
NGCUT01,MAX_AREA,ID,True,76.0,9.8419189453125e-05,9.655952453613281e-05,7.094144721007951e-06,76.0,24.0,10,4,6,40.0,60.0
NGCUT01,MAX_AREA,ID,False,78.0,9.427070617675781e-05,9.083747863769531e-05,7.406495320827129e-06,78.0,22.0,10,4,6,40.0,60.0
NGCUT01,NONE,AREA,True,62.0,0.0002307891845703125,0.00022363662719726562,1.2548158041897551e-05,62.0,38.0,10,3,7,30.0,70.0
NGCUT01,NONE,AREA,False,70.0,0.0003537654876708984,0.0003485679626464844,1.07064543495011e-05,70.0,30.0,10,4,6,40.0,60.0
NGCUT01,NONE,PERIMETER,True,62.0,0.00011467933654785156,0.0001125335693359375,5.8341956783991945e-06,62.0,38.0,10,3,7,30.0,70.0
NGCUT01,NONE,PERIMETER,False,76.0,0.0001975536346435547,0.00019478797912597656,7.947031652831901e-06,76.0,24.0,10,4,6,40.0,60.0
NGCUT01,NONE,HEIGHT,True,78.0,0.0001926422119140625,0.0001881122589111328,8.080947938657707e-06,78.0,22.0,10,4,6,40.0,60.0
NGCUT01,NONE,HEIGHT,False,92.0,0.0004088878631591797,0.00040984153747558594,1.0714521395344164e-05,92.0,8.0,10,5,5,50.0,50.0
NGCUT01,NONE,WIDTH,True,92.0,0.0002864360809326172,0.00028324127197265625,1.0001765956470104e-05,92.0,8.0,10,5,5,50.0,50.0
NGCUT01,NONE,WIDTH,False,78.0,0.0001964569091796875,0.00019311904907226562,7.80179036607324e-06,78.0,22.0,10,4,6,40.0,60.0
NGCUT01,NONE,ID,True,76.0,0.00020155906677246093,0.00019931793212890625,5.374951088318578e-06,76.0,24.0,10,4,6,40.0,60.0
NGCUT01,NONE,ID,False,57.99999999999999,0.00021681785583496093,0.0002129077911376953,7.375732206808197e-06,57.99999999999999,42.00000000000001,10,3,7,30.0,70.0
