Instance,SplitMode,OrderMode,Decrescent,Solution Quality %,Exec. Time,Median,Standard deviation,Occupied %,Free %,Nº Items,Inside Items,Outside Items,Inside Items %,Outside Items %
GCUT12,VERTICALLY,AREA,True,86.2188,5.846023559570312e-05,5.7220458984375e-05,4.1443705725938345e-06,86.2188,13.781199999999998,50,3,47,6.0,94.0
GCUT12,VERTICALLY,AREA,False,75.94969999999999,0.00010957717895507813,0.00010752677917480469,4.812513125244192e-06,75.94969999999999,24.050300000000007,50,6,44,12.0,88.0
GCUT12,VERTICALLY,PERIMETER,True,86.2188,5.8031082153320314e-05,5.626678466796875e-05,4.705008080880741e-06,86.2188,13.781199999999998,50,3,47,6.0,94.0
GCUT12,VERTICALLY,PERIMETER,False,77.3433,0.00010786056518554687,0.00010514259338378906,5.848986511113587e-06,77.3433,22.6567,50,6,44,12.0,88.0
GCUT12,VERTICALLY,HEIGHT,True,86.2188,5.8746337890625e-05,5.7220458984375e-05,4.6710574708017185e-06,86.2188,13.781199999999998,50,3,47,6.0,94.0
GCUT12,VERTICALLY,HEIGHT,False,62.7312,9.5367431640625e-05,9.369850158691406e-05,3.6997155649701734e-06,62.7312,37.2688,50,5,45,10.0,90.0
GCUT12,VERTICALLY,WIDTH,True,87.9958,6.594657897949219e-05,6.866455078125e-05,1.073212043505493e-05,87.9958,12.004199999999997,50,3,47,6.0,94.0
GCUT12,VERTICALLY,WIDTH,False,42.5142,6.1798095703125e-05,5.745887756347656e-05,5.998300626188808e-06,42.5142,57.4858,50,3,47,6.0,94.0
GCUT12,VERTICALLY,ID,True,84.8231,9.541511535644531e-05,9.560585021972656e-05,9.720229271662302e-06,84.8231,15.176900000000003,50,5,45,10.0,90.0
GCUT12,VERTICALLY,ID,False,69.2716,6.442070007324218e-05,6.079673767089844e-05,5.563690517528955e-06,69.2716,30.728399999999993,50,3,47,6.0,94.0
GCUT12,HORIZONTALLY,AREA,True,86.2188,5.984306335449219e-05,5.817413330078125e-05,4.003728776871363e-06,86.2188,13.781199999999998,50,3,47,6.0,94.0
GCUT12,HORIZONTALLY,AREA,False,45.908300000000004,9.412765502929688e-05,9.179115295410156e-05,5.035996401799559e-06,45.908300000000004,54.091699999999996,50,4,46,8.0,92.0
GCUT12,HORIZONTALLY,PERIMETER,True,86.2188,6.036758422851562e-05,5.817413330078125e-05,5.6929644033384135e-06,86.2188,13.781199999999998,50,3,47,6.0,94.0
GCUT12,HORIZONTALLY,PERIMETER,False,46.0824,9.908676147460938e-05,9.274482727050781e-05,8.653773381825002e-06,46.0824,53.9176,50,4,46,8.0,92.0
GCUT12,HORIZONTALLY,HEIGHT,True,86.2188,6.108283996582031e-05,5.8650970458984375e-05,4.9033144342747756e-06,86.2188,13.781199999999998,50,3,47,6.0,94.0
GCUT12,HORIZONTALLY,HEIGHT,False,46.6858,7.381439208984376e-05,7.104873657226562e-05,4.9888197516062034e-06,46.6858,53.3142,50,3,47,6.0,94.0
GCUT12,HORIZONTALLY,WIDTH,True,80.0304,6.070137023925781e-05,5.841255187988281e-05,5.651274763516314e-06,80.0304,19.9696,50,3,47,6.0,94.0
GCUT12,HORIZONTALLY,WIDTH,False,67.3601,0.00010519027709960937,0.00010228157043457031,7.044290661857371e-06,67.3601,32.6399,50,5,45,10.0,90.0
GCUT12,HORIZONTALLY,ID,True,75.9252,8.749961853027344e-05,8.416175842285156e-05,6.798901986174612e-06,75.9252,24.074799999999996,50,4,46,8.0,92.0
GCUT12,HORIZONTALLY,ID,False,81.7816,9.007453918457032e-05,8.559226989746094e-05,1.2737354999204656e-05,81.7816,18.218400000000003,50,4,46,8.0,92.0
GCUT12,MAX_AREA,AREA,True,86.2188,9.417533874511719e-05,8.988380432128906e-05,7.914635025357166e-06,86.2188,13.781199999999998,50,3,47,6.0,94.0
GCUT12,MAX_AREA,AREA,False,88.4597,0.00022726058959960939,0.0002110004425048828,4.449184547033081e-05,88.4597,11.540300000000002,50,7,43,14.000000000000002,86.0
GCUT12,MAX_AREA,PERIMETER,True,86.2188,9.589195251464843e-05,9.202957153320312e-05,9.65686487667127e-06,86.2188,13.781199999999998,50,3,47,6.0,94.0
GCUT12,MAX_AREA,PERIMETER,False,88.4597,0.0001987457275390625,0.00019216537475585938,1.0690727369935829e-05,88.4597,11.540300000000002,50,7,43,14.000000000000002,86.0
GCUT12,MAX_AREA,HEIGHT,True,86.2188,9.446144104003906e-05,9.202957153320312e-05,6.609657933634888e-06,86.2188,13.781199999999998,50,3,47,6.0,94.0
GCUT12,MAX_AREA,HEIGHT,False,62.4328,0.00012974739074707032,0.00012755393981933594,7.471902854583375e-06,62.4328,37.5672,50,4,46,8.0,92.0
GCUT12,MAX_AREA,WIDTH,True,80.0304,9.660720825195312e-05,9.274482727050781e-05,6.6130970607387315e-06,80.0304,19.9696,50,3,47,6.0,94.0
GCUT12,MAX_AREA,WIDTH,False,56.874,0.00013413429260253907,0.00013947486877441406,6.87142033662194e-06,56.874,43.126,50,4,46,8.0,92.0
GCUT12,MAX_AREA,ID,True,75.9252,0.00013670921325683593,0.0001266002655029297,1.4920965385892265e-05,75.9252,24.074799999999996,50,4,46,8.0,92.0
GCUT12,MAX_AREA,ID,False,81.6102,0.0001292705535888672,0.00012755393981933594,9.099222503922988e-06,81.6102,18.389799999999994,50,4,46,8.0,92.0
GCUT12,NONE,AREA,True,86.2188,0.00017199516296386718,0.0001690387725830078,7.979866637020418e-06,86.2188,13.781199999999998,50,3,47,6.0,94.0
GCUT12,NONE,AREA,False,72.7781,0.0024308681488037108,0.0024242401123046875,3.466064982828335e-05,72.7781,27.221900000000005,50,6,44,12.0,88.0
GCUT12,NONE,PERIMETER,True,86.2188,0.0001671314239501953,0.00016570091247558594,5.627890634086827e-06,86.2188,13.781199999999998,50,3,47,6.0,94.0
GCUT12,NONE,PERIMETER,False,58.4183,0.002699613571166992,0.0027015209197998047,7.43162605121928e-06,58.4183,41.5817,50,5,45,10.0,90.0
GCUT12,NONE,HEIGHT,True,86.2188,0.00016260147094726562,0.0001590251922607422,6.497945177500976e-06,86.2188,13.781199999999998,50,3,47,6.0,94.0
GCUT12,NONE,HEIGHT,False,62.4328,0.0014399051666259765,0.0014421939849853516,1.4599785127905559e-05,62.4328,37.5672,50,4,46,8.0,92.0
GCUT12,NONE,WIDTH,True,80.0304,0.00023908615112304686,0.00023674964904785156,6.431824508655506e-06,80.0304,19.9696,50,3,47,6.0,94.0
GCUT12,NONE,WIDTH,False,70.6035,0.001015043258666992,0.0010118484497070312,7.27485372335188e-06,70.6035,29.396500000000003,50,5,45,10.0,90.0
GCUT12,NONE,ID,True,75.9252,0.00039520263671875,0.0003910064697265625,8.171325078018835e-06,75.9252,24.074799999999996,50,4,46,8.0,92.0
GCUT12,NONE,ID,False,81.6102,0.0005071163177490234,0.0005044937133789062,7.648741510310282e-06,81.6102,18.389799999999994,50,4,46,8.0,92.0
