Instance,SplitMode,OrderMode,Decrescent,Solution Quality %,Exec. Time,Median,Standard deviation,Occupied %,Free %,Nº Items,Inside Items,Outside Items,Inside Items %,Outside Items %
OKP1,VERTICALLY,AREA,True,77.56,0.00014400482177734375,0.00013756752014160156,1.3803591562395218e-05,77.56,22.439999999999998,50,8,42,16.0,84.0
OKP1,VERTICALLY,AREA,False,65.74,0.000409698486328125,0.00040411949157714844,1.1049460111969177e-05,65.74,34.260000000000005,50,24,26,48.0,52.0
OKP1,VERTICALLY,PERIMETER,True,91.16,0.00015883445739746095,0.00015592575073242188,7.403117635755672e-06,91.16,8.840000000000003,50,17,33,34.0,66.0
OKP1,VERTICALLY,PERIMETER,False,59.86,0.0003964424133300781,0.0003933906555175781,8.313119445443807e-06,59.86,40.14,50,23,27,46.0,54.0
OKP1,VERTICALLY,HEIGHT,True,79.7,0.00036492347717285154,0.0003609657287597656,8.51070843403744e-06,79.7,20.299999999999997,50,19,31,38.0,62.0
OKP1,VERTICALLY,HEIGHT,False,91.38,0.0002090930938720703,0.0002071857452392578,6.670609288831157e-06,91.38,8.620000000000005,50,21,29,42.0,57.99999999999999
OKP1,VERTICALLY,WIDTH,True,91.62,0.00015158653259277343,0.0001480579376220703,7.903710748203883e-06,91.62,8.379999999999995,50,16,34,32.0,68.0
OKP1,VERTICALLY,WIDTH,False,65.74,0.00042324066162109376,0.00041985511779785156,9.360351066882857e-06,65.74,34.260000000000005,50,24,26,48.0,52.0
OKP1,VERTICALLY,ID,True,86.04,0.0001819133758544922,0.0001800060272216797,5.286229725614771e-06,86.04,13.959999999999994,50,14,36,28.000000000000004,72.0
OKP1,VERTICALLY,ID,False,82.12,0.00040898323059082033,0.00040721893310546875,1.1107952048691257e-05,82.12,17.879999999999995,50,23,27,46.0,54.0
OKP1,HORIZONTALLY,AREA,True,93.10000000000001,0.00013990402221679686,0.00013756752014160156,6.324881378925794e-06,93.10000000000001,6.8999999999999915,50,11,39,22.0,78.0
OKP1,HORIZONTALLY,AREA,False,58.660000000000004,0.0002507209777832031,0.00024580955505371094,9.968748095383843e-06,58.660000000000004,41.339999999999996,50,21,29,42.0,57.99999999999999
OKP1,HORIZONTALLY,PERIMETER,True,83.78,0.00010733604431152343,0.00010538101196289062,5.848597757897173e-06,83.78,16.22,50,13,37,26.0,74.0
OKP1,HORIZONTALLY,PERIMETER,False,57.92,0.00023813247680664061,0.00023436546325683594,9.497801429559785e-06,57.92,42.08,50,19,31,38.0,62.0
OKP1,HORIZONTALLY,HEIGHT,True,83.7,0.0002615928649902344,0.0002579689025878906,8.64299411836659e-06,83.7,16.299999999999997,50,23,27,46.0,54.0
OKP1,HORIZONTALLY,HEIGHT,False,69.32000000000001,0.0001186370849609375,0.00011658668518066406,5.568184119031906e-06,69.32000000000001,30.679999999999993,50,13,37,26.0,74.0
OKP1,HORIZONTALLY,WIDTH,True,83.78,0.000118255615234375,0.00011587142944335938,6.870427571993971e-06,83.78,16.22,50,13,37,26.0,74.0
OKP1,HORIZONTALLY,WIDTH,False,61.06,0.0002837181091308594,0.0002808570861816406,8.612159597312528e-06,61.06,38.94,50,24,26,48.0,52.0
OKP1,HORIZONTALLY,ID,True,81.52000000000001,0.00017333030700683594,0.00017070770263671875,5.743859356461731e-06,81.52000000000001,18.47999999999999,50,13,37,26.0,74.0
OKP1,HORIZONTALLY,ID,False,68.56,0.00019655227661132812,0.00019311904907226562,7.618359691799765e-06,68.56,31.439999999999998,50,17,33,34.0,66.0
OKP1,MAX_AREA,AREA,True,77.56,0.00023112297058105468,0.00022530555725097656,1.0773354462132592e-05,77.56,22.439999999999998,50,8,42,16.0,84.0
OKP1,MAX_AREA,AREA,False,67.06,0.0007051467895507812,0.0006983280181884766,1.716123616918667e-05,67.06,32.94,50,25,25,50.0,50.0
OKP1,MAX_AREA,PERIMETER,True,88.4,0.00025391578674316406,0.0002474784851074219,1.0189152084809597e-05,88.4,11.599999999999994,50,14,36,28.000000000000004,72.0
OKP1,MAX_AREA,PERIMETER,False,67.16,0.0005058765411376954,0.00049591064453125,1.5303724404652182e-05,67.16,32.84,50,17,33,34.0,66.0
OKP1,MAX_AREA,HEIGHT,True,79.7,0.0005631923675537109,0.0005557537078857422,1.4654812567997941e-05,79.7,20.299999999999997,50,19,31,38.0,62.0
OKP1,MAX_AREA,HEIGHT,False,78.56,0.00029587745666503906,0.0002932548522949219,8.762653148286737e-06,78.56,21.439999999999998,50,15,35,30.0,70.0
OKP1,MAX_AREA,WIDTH,True,88.4,0.0003719806671142578,0.00036716461181640625,1.687249052754051e-05,88.4,11.599999999999994,50,14,36,28.000000000000004,72.0
OKP1,MAX_AREA,WIDTH,False,65.74,0.0006805419921875,0.0006704330444335938,2.0625949412689196e-05,65.74,34.260000000000005,50,24,26,48.0,52.0
OKP1,MAX_AREA,ID,True,77.52,0.0002514362335205078,0.00024628639221191406,8.00546964021658e-06,77.52,22.480000000000004,50,9,41,18.0,82.0
OKP1,MAX_AREA,ID,False,62.660000000000004,0.0005758285522460937,0.0005743503570556641,1.6950471121390278e-05,62.660000000000004,37.339999999999996,50,20,30,40.0,60.0
OKP1,NONE,AREA,True,97.22,0.0017846107482910156,0.0017781257629394531,2.434878264508723e-05,97.22,2.780000000000001,50,9,41,18.0,82.0
OKP1,NONE,AREA,False,67.06,0.021143007278442382,0.021052122116088867,0.0002479682240430756,67.06,32.94,50,25,25,50.0,50.0
OKP1,NONE,PERIMETER,True,91.16,0.004056692123413086,0.003915548324584961,0.00028389504469298775,91.16,8.840000000000003,50,17,33,34.0,66.0
OKP1,NONE,PERIMETER,False,65.92,0.02232522964477539,0.022446870803833008,0.000220570066939137,65.92,34.08,50,25,25,50.0,50.0
OKP1,NONE,HEIGHT,True,88.53999999999999,0.008448314666748048,0.00835418701171875,0.00017003262888930316,88.53999999999999,11.460000000000008,50,21,29,42.0,57.99999999999999
OKP1,NONE,HEIGHT,False,91.38,0.006683444976806641,0.0066127777099609375,9.993767437993422e-05,91.38,8.620000000000005,50,21,29,42.0,57.99999999999999
OKP1,NONE,WIDTH,True,91.62,0.002979564666748047,0.002957582473754883,6.730880368041394e-05,91.62,8.379999999999995,50,16,34,32.0,68.0
OKP1,NONE,WIDTH,False,65.74,0.02288966178894043,0.022974729537963867,0.0004366130842564009,65.74,34.260000000000005,50,24,26,48.0,52.0
OKP1,NONE,ID,True,90.03999999999999,0.009447908401489258,0.009465932846069336,0.0001270359520191605,90.03999999999999,9.960000000000008,50,18,32,36.0,64.0
OKP1,NONE,ID,False,92.12,0.018555498123168944,0.01851511001586914,0.00010149371099761923,92.12,7.8799999999999955,50,25,25,50.0,50.0
OKP2,VERTICALLY,AREA,True,84.61999999999999,0.000164794921875,0.0001647472381591797,8.351323320615542e-06,84.61999999999999,15.38000000000001,30,6,24,20.0,80.0
OKP2,VERTICALLY,AREA,False,57.02,0.00019617080688476561,0.00019359588623046875,1.2444810375871667e-05,57.02,42.98,30,12,18,40.0,60.0
OKP2,VERTICALLY,PERIMETER,True,86.82,0.00012054443359375,0.00011730194091796875,8.99896706549488e-06,86.82,13.180000000000007,30,10,20,33.33333333333333,66.66666666666666
OKP2,VERTICALLY,PERIMETER,False,67.75999999999999,0.00020737648010253905,0.00020503997802734375,7.350719708459142e-06,67.75999999999999,32.24000000000001,30,13,17,43.333333333333336,56.666666666666664
OKP2,VERTICALLY,HEIGHT,True,86.82,0.0001354217529296875,0.00013136863708496094,7.166848211217126e-06,86.82,13.180000000000007,30,9,21,30.0,70.0
OKP2,VERTICALLY,HEIGHT,False,77.02,0.00017843246459960937,0.00017642974853515625,6.734385889144389e-06,77.02,22.980000000000004,30,12,18,40.0,60.0
OKP2,VERTICALLY,WIDTH,True,87.69,0.00012140274047851562,0.00011849403381347656,7.502271630594141e-06,87.69,12.310000000000002,30,10,20,33.33333333333333,66.66666666666666
OKP2,VERTICALLY,WIDTH,False,68.24,0.00019578933715820314,0.0001933574676513672,6.9908295501870375e-06,68.24,31.760000000000005,30,12,18,40.0,60.0
OKP2,VERTICALLY,ID,True,83.61,0.00015058517456054688,0.00014543533325195312,9.41508901223448e-06,83.61,16.39,30,10,20,33.33333333333333,66.66666666666666
OKP2,VERTICALLY,ID,False,70.42,0.00016350746154785155,0.0001614093780517578,7.598636136969209e-06,70.42,29.58,30,11,19,36.666666666666664,63.33333333333333
OKP2,HORIZONTALLY,AREA,True,84.58,0.0001079559326171875,0.00010466575622558594,6.764368296167501e-06,84.58,15.420000000000002,30,8,22,26.666666666666668,73.33333333333333
OKP2,HORIZONTALLY,AREA,False,51.7,0.00017323493957519532,0.00016069412231445312,2.2435986386088614e-05,51.7,48.3,30,10,20,33.33333333333333,66.66666666666666
OKP2,HORIZONTALLY,PERIMETER,True,84.59,0.00010056495666503907,9.918212890625e-05,5.54321914589333e-06,84.59,15.409999999999997,30,9,21,30.0,70.0
OKP2,HORIZONTALLY,PERIMETER,False,41.18,0.00010876655578613281,0.0001068115234375,6.01533429744648e-06,41.18,58.82,30,7,23,23.333333333333332,76.66666666666667
OKP2,HORIZONTALLY,HEIGHT,True,86.82,0.00013823509216308593,0.00013518333435058594,7.3985092164708215e-06,86.82,13.180000000000007,30,9,21,30.0,70.0
OKP2,HORIZONTALLY,HEIGHT,False,55.620000000000005,9.593963623046874e-05,9.393692016601562e-05,5.406584847663256e-06,55.620000000000005,44.379999999999995,30,7,23,23.333333333333332,76.66666666666667
OKP2,HORIZONTALLY,WIDTH,True,84.95,0.00010800361633300781,0.00010228157043457031,8.805363327321714e-06,84.95,15.049999999999997,30,9,21,30.0,70.0
OKP2,HORIZONTALLY,WIDTH,False,51.7,0.0001552581787109375,0.000152587890625,7.04913065784455e-06,51.7,48.3,30,10,20,33.33333333333333,66.66666666666666
OKP2,HORIZONTALLY,ID,True,68.08999999999999,0.00012950897216796876,0.00012612342834472656,8.118003824245612e-06,68.08999999999999,31.91000000000001,30,8,22,26.666666666666668,73.33333333333333
OKP2,HORIZONTALLY,ID,False,63.04,0.00010557174682617188,0.00010323524475097656,6.48463472652634e-06,63.04,36.96,30,7,23,23.333333333333332,76.66666666666667
OKP2,MAX_AREA,AREA,True,83.61,0.00018091201782226561,0.00017714500427246094,1.1894578420767871e-05,83.61,16.39,30,7,23,23.333333333333332,76.66666666666667
OKP2,MAX_AREA,AREA,False,61.28,0.0003264427185058594,0.00032067298889160156,1.1458387982082816e-05,61.28,38.72,30,12,18,40.0,60.0
OKP2,MAX_AREA,PERIMETER,True,90.05,0.00019297599792480468,0.0001888275146484375,9.994943623789903e-06,90.05,9.950000000000003,30,9,21,30.0,70.0
OKP2,MAX_AREA,PERIMETER,False,60.480000000000004,0.00026721954345703124,0.0002613067626953125,1.257024510550688e-05,60.480000000000004,39.519999999999996,30,10,20,33.33333333333333,66.66666666666666
OKP2,MAX_AREA,HEIGHT,True,86.82,0.00023331642150878907,0.00023126602172851562,1.0536482846372999e-05,86.82,13.180000000000007,30,9,21,30.0,70.0
OKP2,MAX_AREA,HEIGHT,False,54.620000000000005,0.0002110004425048828,0.00020813941955566406,9.478150619589298e-06,54.620000000000005,45.379999999999995,30,8,22,26.666666666666668,73.33333333333333
OKP2,MAX_AREA,WIDTH,True,84.95,0.00020036697387695312,0.00019598007202148438,9.94134003885569e-06,84.95,15.049999999999997,30,9,21,30.0,70.0
OKP2,MAX_AREA,WIDTH,False,68.24,0.00032434463500976565,0.0003180503845214844,1.4402218897095088e-05,68.24,31.760000000000005,30,12,18,40.0,60.0
OKP2,MAX_AREA,ID,True,83.61,0.0002522468566894531,0.0002455711364746094,1.2212059356358202e-05,83.61,16.39,30,10,20,33.33333333333333,66.66666666666666
OKP2,MAX_AREA,ID,False,74.71,0.0002803802490234375,0.00027871131896972656,1.0223682242776023e-05,74.71,25.290000000000006,30,11,19,36.666666666666664,63.33333333333333
OKP2,NONE,AREA,True,84.61999999999999,0.00124053955078125,0.0012412071228027344,8.313119445443807e-06,84.61999999999999,15.38000000000001,30,6,24,20.0,80.0
OKP2,NONE,AREA,False,57.13,0.004131174087524414,0.004127979278564453,1.2720564054550826e-05,57.13,42.87,30,10,20,33.33333333333333,66.66666666666666
OKP2,NONE,PERIMETER,True,90.05,0.0014323711395263672,0.001392364501953125,8.709380765553028e-05,90.05,9.950000000000003,30,9,21,30.0,70.0
OKP2,NONE,PERIMETER,False,61.31999999999999,0.005447196960449219,0.005341291427612305,0.00016687545684107208,61.31999999999999,38.68000000000001,30,10,20,33.33333333333333,66.66666666666666
OKP2,NONE,HEIGHT,True,94.8,0.0012096405029296876,0.001207590103149414,7.707376106451456e-06,94.8,5.200000000000003,30,10,20,33.33333333333333,66.66666666666666
OKP2,NONE,HEIGHT,False,66.18,0.0041754722595214845,0.004067897796630859,0.00015285776531691857,66.18,33.81999999999999,30,9,21,30.0,70.0
OKP2,NONE,WIDTH,True,84.95,0.0016931056976318359,0.0016887187957763672,8.687863103211014e-06,84.95,15.049999999999997,30,9,21,30.0,70.0
OKP2,NONE,WIDTH,False,69.89,0.005894756317138672,0.005904674530029297,3.195257297770756e-05,69.89,30.11,30,14,16,46.666666666666664,53.333333333333336
OKP2,NONE,ID,True,78.31,0.0028645992279052734,0.002849578857421875,2.6316918805211313e-05,78.31,21.689999999999998,30,8,22,26.666666666666668,73.33333333333333
OKP2,NONE,ID,False,78.94,0.002890491485595703,0.002866029739379883,4.924151213505891e-05,78.94,21.060000000000002,30,13,17,43.333333333333336,56.666666666666664
OKP3,VERTICALLY,AREA,True,93.64,8.401870727539062e-05,8.249282836914062e-05,5.0070172212976035e-06,93.64,6.359999999999999,30,6,24,20.0,80.0
OKP3,VERTICALLY,AREA,False,73.21,0.0001823902130126953,0.00017833709716796875,7.930419826692532e-06,73.21,26.790000000000006,30,12,18,40.0,60.0
OKP3,VERTICALLY,PERIMETER,True,92.62,0.0001250743865966797,0.0001220703125,8.036651432431576e-06,92.62,7.3799999999999955,30,8,22,26.666666666666668,73.33333333333333
OKP3,VERTICALLY,PERIMETER,False,59.01,0.00015645027160644532,0.00015425682067871094,7.159547568940528e-06,59.01,40.99,30,10,20,33.33333333333333,66.66666666666666
OKP3,VERTICALLY,HEIGHT,True,87.83999999999999,0.00014491081237792968,0.00014400482177734375,4.648612063199592e-06,87.83999999999999,12.16000000000001,30,9,21,30.0,70.0
OKP3,VERTICALLY,HEIGHT,False,80.64,0.00016078948974609374,0.0001575946807861328,9.281314059895985e-06,80.64,19.36,30,12,18,40.0,60.0
OKP3,VERTICALLY,WIDTH,True,78.78,0.00010499954223632812,0.00010275840759277344,7.041385067382069e-06,78.78,21.22,30,8,22,26.666666666666668,73.33333333333333
OKP3,VERTICALLY,WIDTH,False,58.589999999999996,0.00015716552734375,0.00015282630920410156,7.723290103044006e-06,58.589999999999996,41.410000000000004,30,10,20,33.33333333333333,66.66666666666666
OKP3,VERTICALLY,ID,True,87.03999999999999,0.00016317367553710937,0.00015878677368164062,8.538714350979706e-06,87.03999999999999,12.960000000000008,30,11,19,36.666666666666664,63.33333333333333
OKP3,VERTICALLY,ID,False,68.13,0.00012526512145996093,0.00012087821960449219,9.398168862213421e-06,68.13,31.870000000000005,30,8,22,26.666666666666668,73.33333333333333
OKP3,HORIZONTALLY,AREA,True,87.71,0.00010404586791992187,9.918212890625e-05,8.257134510131682e-06,87.71,12.290000000000006,30,7,23,23.333333333333332,76.66666666666667
OKP3,HORIZONTALLY,AREA,False,40.82,9.431838989257813e-05,9.202957153320312e-05,5.467224467110097e-06,40.82,59.18,30,7,23,23.333333333333332,76.66666666666667
OKP3,HORIZONTALLY,PERIMETER,True,82.12,8.88824462890625e-05,8.749961853027344e-05,4.8191230747690735e-06,82.12,17.879999999999995,30,6,24,20.0,80.0
OKP3,HORIZONTALLY,PERIMETER,False,40.32,0.00010824203491210938,0.00010561943054199219,8.384744506963068e-06,40.32,59.68,30,7,23,23.333333333333332,76.66666666666667
OKP3,HORIZONTALLY,HEIGHT,True,89.4,0.000177001953125,0.00017261505126953125,6.741135125042692e-06,89.4,10.599999999999994,30,10,20,33.33333333333333,66.66666666666666
OKP3,HORIZONTALLY,HEIGHT,False,40.82,9.303092956542968e-05,9.036064147949219e-05,5.6929644033384135e-06,40.82,59.18,30,7,23,23.333333333333332,76.66666666666667
OKP3,HORIZONTALLY,WIDTH,True,84.11999999999999,9.069442749023437e-05,8.678436279296875e-05,6.58760500448344e-06,84.11999999999999,15.88000000000001,30,7,23,23.333333333333332,76.66666666666667
OKP3,HORIZONTALLY,WIDTH,False,41.86,0.00013518333435058594,0.00013303756713867188,7.337716698330439e-06,41.86,58.14,30,8,22,26.666666666666668,73.33333333333333
OKP3,HORIZONTALLY,ID,True,55.74,0.00010342597961425782,0.00010085105895996094,6.389262061386893e-06,55.74,44.26,30,6,24,20.0,80.0
OKP3,HORIZONTALLY,ID,False,47.0,0.00011153221130371094,0.00010824203491210938,7.435296594438412e-06,47.0,53.0,30,7,23,23.333333333333332,76.66666666666667
OKP3,MAX_AREA,AREA,True,91.85,0.0001667022705078125,0.00016379356384277344,8.428560443841132e-06,91.85,8.150000000000006,30,6,24,20.0,80.0
OKP3,MAX_AREA,AREA,False,49.96,0.00020771026611328126,0.000202178955078125,1.2613582189633807e-05,49.96,50.04,30,8,22,26.666666666666668,73.33333333333333
OKP3,MAX_AREA,PERIMETER,True,92.62,0.00021228790283203124,0.0002071857452392578,1.1319836948153797e-05,92.62,7.3799999999999955,30,8,22,26.666666666666668,73.33333333333333
OKP3,MAX_AREA,PERIMETER,False,51.9,0.00018758773803710936,0.00018358230590820312,7.3985092164708215e-06,51.9,48.1,30,7,23,23.333333333333332,76.66666666666667
OKP3,MAX_AREA,HEIGHT,True,89.4,0.00027313232421875,0.00026726722717285156,1.150512315866423e-05,89.4,10.599999999999994,30,10,20,33.33333333333333,66.66666666666666
OKP3,MAX_AREA,HEIGHT,False,56.46,0.00024962425231933594,0.00023484230041503906,4.906211792289216e-05,56.46,43.54,30,9,21,30.0,70.0
OKP3,MAX_AREA,WIDTH,True,85.68,0.00018134117126464844,0.00017762184143066406,1.0267622819134377e-05,85.68,14.319999999999993,30,8,22,26.666666666666668,73.33333333333333
OKP3,MAX_AREA,WIDTH,False,70.75,0.0002960205078125,0.0002903938293457031,1.368497722013349e-05,70.75,29.25,30,11,19,36.666666666666664,63.33333333333333
OKP3,MAX_AREA,ID,True,68.47999999999999,0.0001842498779296875,0.0001811981201171875,1.0330322397317836e-05,68.47999999999999,31.52000000000001,30,7,23,23.333333333333332,76.66666666666667
OKP3,MAX_AREA,ID,False,75.88000000000001,0.000209808349609375,0.00020313262939453125,1.2524579780906255e-05,75.88000000000001,24.11999999999999,30,8,22,26.666666666666668,73.33333333333333
OKP3,NONE,AREA,True,93.64,0.000949859619140625,0.0009577274322509766,1.9455306667085676e-05,93.64,6.359999999999999,30,6,24,20.0,80.0
OKP3,NONE,AREA,False,40.32,0.004397010803222657,0.00415492057800293,0.0005078357060582177,40.32,59.68,30,7,23,23.333333333333332,76.66666666666667
OKP3,NONE,PERIMETER,True,92.62,0.000914907455444336,0.0009114742279052734,1.4326238929865293e-05,92.62,7.3799999999999955,30,8,22,26.666666666666668,73.33333333333333
OKP3,NONE,PERIMETER,False,51.9,0.0036557197570800783,0.0035102367401123047,0.00039274551203426016,51.9,48.1,30,7,23,23.333333333333332,76.66666666666667
OKP3,NONE,HEIGHT,True,89.4,0.0015201091766357422,0.0014638900756835938,9.442969871570776e-05,89.4,10.599999999999994,30,10,20,33.33333333333333,66.66666666666666
OKP3,NONE,HEIGHT,False,71.50999999999999,0.007019233703613281,0.007019996643066406,6.297670504508608e-05,71.50999999999999,28.49000000000001,30,9,21,30.0,70.0
OKP3,NONE,WIDTH,True,85.68,0.0018664360046386718,0.0018703937530517578,1.2001338610599643e-05,85.68,14.319999999999993,30,8,22,26.666666666666668,73.33333333333333
OKP3,NONE,WIDTH,False,73.97,0.0032407283782958985,0.0032358169555664062,2.0847438347737603e-05,73.97,26.03,30,12,18,40.0,60.0
OKP3,NONE,ID,True,87.03999999999999,0.0027803421020507813,0.0027763843536376953,1.8135239909679096e-05,87.03999999999999,12.960000000000008,30,11,19,36.666666666666664,63.33333333333333
OKP3,NONE,ID,False,67.0,0.002568960189819336,0.002569913864135742,1.0109622500950903e-05,67.0,33.0,30,9,21,30.0,70.0
OKP4,VERTICALLY,AREA,True,93.89,0.00010943412780761719,0.00010609626770019531,5.684170940469971e-06,93.89,6.109999999999999,61,8,53,13.114754098360656,86.88524590163934
OKP4,VERTICALLY,AREA,False,73.77,0.0004096031188964844,0.00040602684020996094,1.0716643292858847e-05,73.77,26.230000000000004,61,23,38,37.704918032786885,62.295081967213115
OKP4,VERTICALLY,PERIMETER,True,90.99000000000001,0.0002083301544189453,0.0002067089080810547,4.986084402912068e-06,90.99000000000001,9.009999999999991,61,12,49,19.672131147540984,80.32786885245902
OKP4,VERTICALLY,PERIMETER,False,71.06,0.00038356781005859374,0.0003807544708251953,7.305730392886415e-06,71.06,28.939999999999998,61,21,40,34.42622950819672,65.57377049180327
OKP4,VERTICALLY,HEIGHT,True,94.72,0.0002788543701171875,0.00027751922607421875,9.62289992990734e-06,94.72,5.280000000000001,61,15,46,24.59016393442623,75.40983606557377
OKP4,VERTICALLY,HEIGHT,False,77.99000000000001,0.0002131938934326172,0.00021004676818847656,7.3305862285531745e-06,77.99000000000001,22.00999999999999,61,16,45,26.229508196721312,73.77049180327869
OKP4,VERTICALLY,WIDTH,True,86.95,0.0002063751220703125,0.0002033710479736328,6.5321469620391215e-06,86.95,13.049999999999997,61,17,44,27.86885245901639,72.1311475409836
OKP4,VERTICALLY,WIDTH,False,76.85,0.0004370689392089844,0.0004336833953857422,1.1188311010984499e-05,76.85,23.150000000000006,61,23,38,37.704918032786885,62.295081967213115
OKP4,VERTICALLY,ID,True,91.86,0.0002507686614990234,0.0002460479736328125,1.0081920842287071e-05,91.86,8.14,61,14,47,22.950819672131146,77.04918032786885
OKP4,VERTICALLY,ID,False,77.85,0.00029201507568359374,0.0002872943878173828,8.861220292801989e-06,77.85,22.150000000000006,61,16,45,26.229508196721312,73.77049180327869
OKP4,HORIZONTALLY,AREA,True,66.14,9.946823120117187e-05,9.703636169433594e-05,5.674963206028687e-06,66.14,33.86,61,6,55,9.836065573770492,90.1639344262295
OKP4,HORIZONTALLY,AREA,False,67.5,0.0002475261688232422,0.0002446174621582031,7.373882338734088e-06,67.5,32.5,61,16,45,26.229508196721312,73.77049180327869
OKP4,HORIZONTALLY,PERIMETER,True,89.53999999999999,0.00011768341064453126,0.00011420249938964844,6.784841511062492e-06,89.53999999999999,10.460000000000008,61,8,53,13.114754098360656,86.88524590163934
OKP4,HORIZONTALLY,PERIMETER,False,69.52000000000001,0.00023345947265625,0.00022912025451660156,8.684983770366978e-06,69.52000000000001,30.47999999999999,61,15,46,24.59016393442623,75.40983606557377
OKP4,HORIZONTALLY,HEIGHT,True,93.46,0.00018148422241210939,0.00017881393432617188,6.568247953495578e-06,93.46,6.540000000000006,61,12,49,19.672131147540984,80.32786885245902
OKP4,HORIZONTALLY,HEIGHT,False,68.35,0.0002285003662109375,0.00022673606872558594,7.6153745579945555e-06,68.35,31.650000000000006,61,14,47,22.950819672131146,77.04918032786885
OKP4,HORIZONTALLY,WIDTH,True,82.15,0.0002307891845703125,0.0002300739288330078,7.954752911049562e-06,82.15,17.849999999999994,61,15,46,24.59016393442623,75.40983606557377
OKP4,HORIZONTALLY,WIDTH,False,49.89,0.00022511482238769532,0.0002200603485107422,9.50976370215323e-06,49.89,50.11,61,16,45,26.229508196721312,73.77049180327869
OKP4,HORIZONTALLY,ID,True,71.56,0.00018672943115234376,0.00018334388732910156,8.26511627565908e-06,71.56,28.439999999999998,61,13,48,21.311475409836063,78.68852459016394
OKP4,HORIZONTALLY,ID,False,82.37,0.00016150474548339843,0.00015687942504882812,8.436919036843854e-06,82.37,17.629999999999995,61,13,48,21.311475409836063,78.68852459016394
OKP4,MAX_AREA,AREA,True,66.14,0.0001583099365234375,0.00015544891357421875,9.439689793960533e-06,66.14,33.86,61,6,55,9.836065573770492,90.1639344262295
OKP4,MAX_AREA,AREA,False,73.77,0.0006703853607177735,0.0006589889526367188,2.329943658262436e-05,73.77,26.230000000000004,61,23,38,37.704918032786885,62.295081967213115
OKP4,MAX_AREA,PERIMETER,True,90.99000000000001,0.0003418445587158203,0.00033783912658691406,1.2494043506359201e-05,90.99000000000001,9.009999999999991,61,12,49,19.672131147540984,80.32786885245902
OKP4,MAX_AREA,PERIMETER,False,68.15,0.000517892837524414,0.0005095005035400391,2.0920819362723228e-05,68.15,31.849999999999994,61,18,43,29.508196721311474,70.49180327868852
OKP4,MAX_AREA,HEIGHT,True,94.72,0.0004477500915527344,0.0004305839538574219,2.3685418920109615e-05,94.72,5.280000000000001,61,15,46,24.59016393442623,75.40983606557377
OKP4,MAX_AREA,HEIGHT,False,70.55,0.0003666400909423828,0.00036144256591796875,1.572073607647767e-05,70.55,29.450000000000003,61,15,46,24.59016393442623,75.40983606557377
OKP4,MAX_AREA,WIDTH,True,82.15,0.0003547191619873047,0.0003535747528076172,1.040598093372676e-05,82.15,17.849999999999994,61,15,46,24.59016393442623,75.40983606557377
OKP4,MAX_AREA,WIDTH,False,76.85,0.0007372379302978515,0.0006873607635498047,0.00013217754005094434,76.85,23.150000000000006,61,23,38,37.704918032786885,62.295081967213115
OKP4,MAX_AREA,ID,True,88.61,0.0003657817840576172,0.00036263465881347656,1.0014034442595207e-05,88.61,11.39,61,12,49,19.672131147540984,80.32786885245902
OKP4,MAX_AREA,ID,False,78.41,0.0003207683563232422,0.0002956390380859375,4.439546005240958e-05,78.41,21.590000000000003,61,12,49,19.672131147540984,80.32786885245902
OKP4,NONE,AREA,True,93.89,0.0016791820526123047,0.0016632080078125,3.209117617328837e-05,93.89,6.109999999999999,61,8,53,13.114754098360656,86.88524590163934
OKP4,NONE,AREA,False,73.77,0.026091527938842774,0.02611255645751953,8.77452152881741e-05,73.77,26.230000000000004,61,23,38,37.704918032786885,62.295081967213115
OKP4,NONE,PERIMETER,True,90.99000000000001,0.002082347869873047,0.0020761489868164062,1.121632090405496e-05,90.99000000000001,9.009999999999991,61,12,49,19.672131147540984,80.32786885245902
OKP4,NONE,PERIMETER,False,70.57,0.023834657669067384,0.02382493019104004,6.128524416820126e-05,70.57,29.430000000000007,61,18,43,29.508196721311474,70.49180327868852
OKP4,NONE,HEIGHT,True,94.72,0.0027651309967041014,0.0027654170989990234,8.063202140355763e-06,94.72,5.280000000000001,61,15,46,24.59016393442623,75.40983606557377
OKP4,NONE,HEIGHT,False,82.15,0.019109773635864257,0.019075632095336914,9.237252703413895e-05,82.15,17.849999999999994,61,15,46,24.59016393442623,75.40983606557377
OKP4,NONE,WIDTH,True,88.31,0.004503631591796875,0.004508256912231445,1.662145174417847e-05,88.31,11.689999999999998,61,16,45,26.229508196721312,73.77049180327869
OKP4,NONE,WIDTH,False,78.85,0.012041521072387696,0.012069463729858398,7.635254397686222e-05,78.85,21.150000000000006,61,24,37,39.34426229508197,60.65573770491803
OKP4,NONE,ID,True,91.86,0.0038030147552490234,0.003802776336669922,8.093599687110498e-06,91.86,8.14,61,14,47,22.950819672131146,77.04918032786885
OKP4,NONE,ID,False,77.85,0.005037355422973633,0.005034923553466797,1.4886486456984794e-05,77.85,22.150000000000006,61,16,45,26.229508196721312,73.77049180327869
OKP5,VERTICALLY,AREA,True,84.86,0.00017027854919433595,0.0001671314239501953,5.514431553095736e-06,84.86,15.14,97,10,87,10.309278350515463,89.69072164948454
OKP5,VERTICALLY,AREA,False,58.74,0.00047812461853027346,0.0004734992980957031,7.85928321610237e-06,58.74,41.26,97,22,75,22.68041237113402,77.31958762886599
OKP5,VERTICALLY,PERIMETER,True,96.27,0.0001407623291015625,0.00013566017150878906,8.077570792335395e-06,96.27,3.730000000000004,97,12,85,12.371134020618557,87.62886597938144
OKP5,VERTICALLY,PERIMETER,False,64.23,0.00029835700988769533,0.00029587745666503906,1.0109172674591876e-05,64.23,35.769999999999996,97,18,79,18.556701030927837,81.44329896907216
OKP5,VERTICALLY,HEIGHT,True,92.46,0.0002736091613769531,0.00026869773864746094,1.00911631779496e-05,92.46,7.540000000000006,97,12,85,12.371134020618557,87.62886597938144
OKP5,VERTICALLY,HEIGHT,False,83.78999999999999,0.00023808479309082032,0.00023436546325683594,8.115482661486412e-06,83.78999999999999,16.210000000000008,97,19,78,19.587628865979383,80.41237113402062
OKP5,VERTICALLY,WIDTH,True,98.17,0.00015201568603515626,0.00014352798461914062,1.3081860363079216e-05,98.17,1.8299999999999983,97,17,80,17.525773195876287,82.4742268041237
OKP5,VERTICALLY,WIDTH,False,74.86,0.0005249977111816406,0.0005173683166503906,1.1923789634786963e-05,74.86,25.14,97,24,73,24.742268041237114,75.25773195876289
OKP5,VERTICALLY,ID,True,82.92,0.00037689208984375,0.00037384033203125,1.141564489389601e-05,82.92,17.08,97,19,78,19.587628865979383,80.41237113402062
OKP5,VERTICALLY,ID,False,76.46,0.0003559589385986328,0.00034356117248535156,2.4811574441428558e-05,76.46,23.540000000000006,97,18,79,18.556701030927837,81.44329896907216
OKP5,HORIZONTALLY,AREA,True,87.79,0.00033321380615234373,0.0003345012664794922,4.059001912122806e-06,87.79,12.209999999999994,97,13,84,13.402061855670103,86.5979381443299
OKP5,HORIZONTALLY,AREA,False,62.2,0.0004250526428222656,0.0004220008850097656,7.889313653026501e-06,62.2,37.8,97,21,76,21.649484536082475,78.35051546391753
OKP5,HORIZONTALLY,PERIMETER,True,96.27,0.00015454292297363282,0.00014853477478027344,9.418469394621537e-06,96.27,3.730000000000004,97,12,85,12.371134020618557,87.62886597938144
OKP5,HORIZONTALLY,PERIMETER,False,75.96000000000001,0.0003912925720214844,0.0003833770751953125,1.0531950143645114e-05,75.96000000000001,24.039999999999992,97,21,76,21.649484536082475,78.35051546391753
OKP5,HORIZONTALLY,HEIGHT,True,92.46,0.00017499923706054688,0.00017118453979492188,6.522393324189267e-06,92.46,7.540000000000006,97,12,85,12.371134020618557,87.62886597938144
OKP5,HORIZONTALLY,HEIGHT,False,58.19,0.0003864765167236328,0.00038504600524902344,8.476442735019292e-06,58.19,41.81,97,15,82,15.463917525773196,84.5360824742268
OKP5,HORIZONTALLY,WIDTH,True,98.17,0.00022921562194824218,0.00022792816162109375,8.040894126217399e-06,98.17,1.8299999999999983,97,17,80,17.525773195876287,82.4742268041237
OKP5,HORIZONTALLY,WIDTH,False,70.21,0.0003880500793457031,0.00038361549377441406,1.0900293016227378e-05,70.21,29.790000000000006,97,22,75,22.68041237113402,77.31958762886599
OKP5,HORIZONTALLY,ID,True,71.31,0.00029587745666503906,0.0002944469451904297,1.0903838539214804e-05,71.31,28.689999999999998,97,16,81,16.49484536082474,83.50515463917526
OKP5,HORIZONTALLY,ID,False,80.30000000000001,0.00025238990783691404,0.0002503395080566406,1.6066369807261492e-05,80.30000000000001,19.69999999999999,97,17,80,17.525773195876287,82.4742268041237
OKP5,MAX_AREA,AREA,True,86.82,0.00032973289489746094,0.00032401084899902344,1.5903073262596354e-05,86.82,13.180000000000007,97,11,86,11.34020618556701,88.65979381443299
OKP5,MAX_AREA,AREA,False,58.74,0.0007077217102050781,0.0006999969482421875,2.0135066568944075e-05,58.74,41.26,97,22,75,22.68041237113402,77.31958762886599
OKP5,MAX_AREA,PERIMETER,True,96.27,0.0002552509307861328,0.0002491474151611328,1.3506028463656048e-05,96.27,3.730000000000004,97,12,85,12.371134020618557,87.62886597938144
OKP5,MAX_AREA,PERIMETER,False,69.06,0.000460052490234375,0.0004515647888183594,1.6867234068901116e-05,69.06,30.939999999999998,97,17,80,17.525773195876287,82.4742268041237
OKP5,MAX_AREA,HEIGHT,True,92.46,0.0004092216491699219,0.00040268898010253906,1.356649900763932e-05,92.46,7.540000000000006,97,12,85,12.371134020618557,87.62886597938144
OKP5,MAX_AREA,HEIGHT,False,79.11,0.0005398273468017578,0.000530242919921875,2.0309792701270613e-05,79.11,20.89,97,18,79,18.556701030927837,81.44329896907216
OKP5,MAX_AREA,WIDTH,True,98.17,0.00041027069091796874,0.00040602684020996094,1.312333481732908e-05,98.17,1.8299999999999983,97,17,80,17.525773195876287,82.4742268041237
OKP5,MAX_AREA,WIDTH,False,74.86,0.0008008003234863282,0.0007941722869873047,1.635099576579879e-05,74.86,25.14,97,24,73,24.742268041237114,75.25773195876289
OKP5,MAX_AREA,ID,True,77.06,0.000613260269165039,0.0006031990051269531,2.2692339185798042e-05,77.06,22.939999999999998,97,20,77,20.618556701030926,79.38144329896907
OKP5,MAX_AREA,ID,False,66.86,0.0005236625671386719,0.0005164146423339844,1.4175463287304254e-05,66.86,33.14,97,16,81,16.49484536082474,83.50515463917526
OKP5,NONE,AREA,True,84.86,0.004721212387084961,0.0046808719635009766,8.937083467877977e-05,84.86,15.14,97,10,87,10.309278350515463,89.69072164948454
OKP5,NONE,AREA,False,83.74000000000001,0.10123133659362793,0.10164713859558105,0.0007411238214143228,83.74000000000001,16.25999999999999,97,27,70,27.835051546391753,72.16494845360825
OKP5,NONE,PERIMETER,True,96.27,0.0018672943115234375,0.0018620491027832031,1.5808428343123055e-05,96.27,3.730000000000004,97,12,85,12.371134020618557,87.62886597938144
OKP5,NONE,PERIMETER,False,72.24000000000001,0.08476815223693848,0.08449530601501465,0.0009282511641086857,72.24000000000001,27.75999999999999,97,19,78,19.587628865979383,80.41237113402062
OKP5,NONE,HEIGHT,True,92.46,0.0019704818725585936,0.001970529556274414,9.116697500823367e-06,92.46,7.540000000000006,97,12,85,12.371134020618557,87.62886597938144
OKP5,NONE,HEIGHT,False,74.15,0.07039175033569336,0.07024121284484863,0.0006029944883584847,74.15,25.849999999999994,97,17,80,17.525773195876287,82.4742268041237
OKP5,NONE,WIDTH,True,98.17,0.0045398235321044925,0.0045549869537353516,3.6286837791577864e-05,98.17,1.8299999999999983,97,17,80,17.525773195876287,82.4742268041237
OKP5,NONE,WIDTH,False,74.86,0.08957853317260742,0.0896611213684082,0.0012172777538171555,74.86,25.14,97,24,73,24.742268041237114,75.25773195876289
OKP5,NONE,ID,True,82.92,0.014897394180297851,0.014891862869262695,0.00010565891561135163,82.92,17.08,97,19,78,19.587628865979383,80.41237113402062
OKP5,NONE,ID,False,89.9,0.027700090408325197,0.02761054039001465,0.0004263615018864946,89.9,10.099999999999994,97,19,78,19.587628865979383,80.41237113402062
