Instance,SplitMode,OrderMode,Decrescent,Solution Quality %,Exec. Time,Median,Standard deviation,Occupied %,Free %,Nº Items,Inside Items,Outside Items,Inside Items %,Outside Items %
BKW04,VERTICALLY,AREA,True,91.078125,0.0004138469696044922,0.0004107952117919922,1.0145992204815107e-05,91.078125,8.921875,40,34,6,85.0,15.0
BKW04,VERTICALLY,AREA,False,46.28125,0.0003604412078857422,0.00035834312438964844,1.025299688405414e-05,46.28125,53.71875,40,37,3,92.5,7.5
BKW04,VERTICALLY,PERIMETER,True,93.40625,0.00041131973266601564,0.00040650367736816406,1.4558299963514089e-05,93.40625,6.59375,40,36,4,90.0,10.0
BKW04,VERTICALLY,PERIMETER,False,44.46875,0.00035395622253417967,0.00035071372985839844,1.3087942242075845e-05,44.46875,55.53125,40,36,4,90.0,10.0
BKW04,VERTICALLY,HEIGHT,True,88.4375,0.0003814220428466797,0.0003783702850341797,8.313119445443806e-06,88.4375,11.5625,40,32,8,80.0,20.0
BKW04,VERTICALLY,HEIGHT,False,48.28125,0.00041632652282714845,0.00040721893310546875,1.6092388694948763e-05,48.28125,51.71875,40,38,2,95.0,5.0
BKW04,VERTICALLY,WIDTH,True,94.5,0.00048122406005859377,0.0004818439483642578,9.39574921055204e-06,94.5,5.5,40,35,5,87.5,12.5
BKW04,VERTICALLY,WIDTH,False,42.28125,0.0003368854522705078,0.00032806396484375,1.2924838078217561e-05,42.28125,57.71875,40,35,5,87.5,12.5
BKW04,VERTICALLY,ID,True,46.28125,0.0003946781158447266,0.00039076805114746094,1.2689245131286543e-05,46.28125,53.71875,40,37,3,92.5,7.5
BKW04,VERTICALLY,ID,False,81.59375,0.00041642189025878904,0.000408172607421875,1.725439062031315e-05,81.59375,18.40625,40,34,6,85.0,15.0
BKW04,HORIZONTALLY,AREA,True,87.3125,0.0005555629730224609,0.0005779266357421875,0.00012368768010936657,87.3125,12.6875,40,34,6,85.0,15.0
BKW04,HORIZONTALLY,AREA,False,18.6875,0.00048117637634277345,0.0004911422729492188,5.152035175252363e-05,18.6875,81.3125,40,28,12,70.0,30.0
BKW04,HORIZONTALLY,PERIMETER,True,85.78125,0.00036363601684570314,0.0003616809844970703,9.670981731800504e-06,85.78125,14.21875,40,31,9,77.5,22.5
BKW04,HORIZONTALLY,PERIMETER,False,17.5625,0.0003986358642578125,0.0003948211669921875,1.2423415427766468e-05,17.5625,82.4375,40,26,14,65.0,35.0
BKW04,HORIZONTALLY,HEIGHT,True,74.609375,0.0004338264465332031,0.00043129920959472656,1.162798477119197e-05,74.609375,25.390625,40,36,4,90.0,10.0
BKW04,HORIZONTALLY,HEIGHT,False,17.5625,0.00041632652282714845,0.0004112720489501953,1.619520390642816e-05,17.5625,82.4375,40,26,14,65.0,35.0
BKW04,HORIZONTALLY,WIDTH,True,75.640625,0.00042057037353515625,0.0004119873046875,1.7373501493679694e-05,75.640625,24.359375,40,34,6,85.0,15.0
BKW04,HORIZONTALLY,WIDTH,False,18.6875,0.0004004955291748047,0.00039386749267578125,2.0010918888699082e-05,18.6875,81.3125,40,28,12,70.0,30.0
BKW04,HORIZONTALLY,ID,True,33.859375,0.0004364490509033203,0.00042819976806640625,2.1005529262984984e-05,33.859375,66.140625,40,34,6,85.0,15.0
BKW04,HORIZONTALLY,ID,False,62.765625,0.0004490852355957031,0.00044918060302734375,9.158004909585416e-06,62.765625,37.234375,40,34,6,85.0,15.0
BKW04,MAX_AREA,AREA,True,86.5,0.0008595466613769531,0.0008513927459716797,3.286248779128252e-05,86.5,13.5,40,36,4,90.0,10.0
BKW04,MAX_AREA,AREA,False,38.59375,0.0007409095764160156,0.0007364749908447266,1.9839864212748677e-05,38.59375,61.40625,40,36,4,90.0,10.0
BKW04,MAX_AREA,PERIMETER,True,88.125,0.0008760929107666015,0.0008623600006103516,2.9418418140555355e-05,88.125,11.875,40,37,3,92.5,7.5
BKW04,MAX_AREA,PERIMETER,False,38.59375,0.0007668495178222656,0.0007462501525878906,3.60526733834228e-05,38.59375,61.40625,40,36,4,90.0,10.0
BKW04,MAX_AREA,HEIGHT,True,92.796875,0.0008029460906982422,0.0007998943328857422,2.709987692335729e-05,92.796875,7.203125,40,36,4,90.0,10.0
BKW04,MAX_AREA,HEIGHT,False,49.3125,0.0007796287536621094,0.0007798671722412109,1.8236761638811193e-05,49.3125,50.6875,40,36,4,90.0,10.0
BKW04,MAX_AREA,WIDTH,True,90.3125,0.0009891986846923828,0.0009391307830810547,0.00010138089532992959,90.3125,9.6875,40,38,2,95.0,5.0
BKW04,MAX_AREA,WIDTH,False,48.28125,0.0008530616760253906,0.0008168220520019531,8.716395436607e-05,48.28125,51.71875,40,38,2,95.0,5.0
BKW04,MAX_AREA,ID,True,61.671875,0.0008525371551513672,0.0008413791656494141,7.206229063128267e-05,61.671875,38.328125,40,38,2,95.0,5.0
BKW04,MAX_AREA,ID,False,85.53125,0.0011236190795898438,0.0010111331939697266,0.00016249875770675562,85.53125,14.46875,40,37,3,92.5,7.5
BKW04,NONE,AREA,True,96.1875,0.04524660110473633,0.04528999328613281,0.0002708233570609744,96.1875,3.8125,40,33,7,82.5,17.5
BKW04,NONE,AREA,False,44.671875,0.11441550254821778,0.11492466926574707,0.005564019626612125,44.671875,55.328125,40,35,5,87.5,12.5
BKW04,NONE,PERIMETER,True,95.0625,0.0556696891784668,0.051558732986450195,0.010495910976513501,95.0625,4.9375,40,30,10,75.0,25.0
BKW04,NONE,PERIMETER,False,48.28125,0.13407015800476074,0.12976884841918945,0.006776628465333622,48.28125,51.71875,40,38,2,95.0,5.0
BKW04,NONE,HEIGHT,True,94.0,0.052721261978149414,0.05272650718688965,7.949334516351572e-05,94.0,6.0,40,37,3,92.5,7.5
BKW04,NONE,HEIGHT,False,58.15625,0.10393195152282715,0.10214400291442871,0.0037068619321533464,58.15625,41.84375,40,38,2,95.0,5.0
BKW04,NONE,WIDTH,True,93.875,0.11812763214111328,0.11521267890930176,0.005060336661098113,93.875,6.125,40,38,2,95.0,5.0
BKW04,NONE,WIDTH,False,63.78125,0.15431480407714843,0.15390658378601074,0.0007899275842699105,63.78125,36.21875,40,39,1,97.5,2.5
BKW04,NONE,ID,True,48.28125,0.05224590301513672,0.05225539207458496,0.00014418781413630917,48.28125,51.71875,40,38,2,95.0,5.0
BKW04,NONE,ID,False,88.765625,0.08494977951049805,0.0818629264831543,0.005682723737523082,88.765625,11.234375,40,37,3,92.5,7.5
