Instance,SplitMode,OrderMode,Decrescent,Solution Quality %,Exec. Time,Median,Standard deviation,Occupied %,Free %,Nº Items,Inside Items,Outside Items,Inside Items %,Outside Items %
BKW01,VERTICALLY,AREA,True,100,7.481575012207032e-05,6.699562072753906e-05,1.3669849356385235e-05,100.0,0.0,10,10,0,100.0,0.0
BKW01,VERTICALLY,AREA,False,60.0,8.363723754882813e-05,8.177757263183594e-05,6.263469802032677e-06,60.0,40.0,10,9,1,90.0,10.0
BKW01,VERTICALLY,PERIMETER,True,100,7.13348388671875e-05,6.985664367675781e-05,5.193805238414804e-06,100.0,0.0,10,10,0,100.0,0.0
BKW01,VERTICALLY,PERIMETER,False,60.0,8.482933044433594e-05,8.225440979003906e-05,5.443885088543922e-06,60.0,40.0,10,9,1,90.0,10.0
BKW01,VERTICALLY,HEIGHT,True,60.0,9.050369262695313e-05,8.797645568847656e-05,5.931976905854792e-06,60.0,40.0,10,9,1,90.0,10.0
BKW01,VERTICALLY,HEIGHT,False,24.0,8.144378662109376e-05,7.915496826171875e-05,5.594663543191433e-06,24.0,76.0,10,8,2,80.0,20.0
BKW01,VERTICALLY,WIDTH,True,100,6.160736083984374e-05,5.936622619628906e-05,5.1170648289857155e-06,100.0,0.0,10,10,0,100.0,0.0
BKW01,VERTICALLY,WIDTH,False,60.0,8.611679077148437e-05,8.249282836914062e-05,6.822938246111226e-06,60.0,40.0,10,9,1,90.0,10.0
BKW01,VERTICALLY,ID,True,60.0,0.00010232925415039062,0.00010013580322265625,6.357153220843436e-06,60.0,40.0,10,9,1,90.0,10.0
BKW01,VERTICALLY,ID,False,60.0,0.00010213851928710937,9.918212890625e-05,6.196314939973932e-06,60.0,40.0,10,9,1,90.0,10.0
BKW01,HORIZONTALLY,AREA,True,100,6.52313232421875e-05,6.198883056640625e-05,7.153510983793469e-06,100.0,0.0,10,10,0,100.0,0.0
BKW01,HORIZONTALLY,AREA,False,12.75,7.052421569824219e-05,6.747245788574219e-05,6.892565251567003e-06,12.75,87.25,10,6,4,60.0,40.0
BKW01,HORIZONTALLY,PERIMETER,True,100,6.442070007324218e-05,6.270408630371094e-05,5.708917816717358e-06,100.0,0.0,10,10,0,100.0,0.0
BKW01,HORIZONTALLY,PERIMETER,False,12.75,7.042884826660156e-05,6.842613220214844e-05,5.0341900902630455e-06,12.75,87.25,10,6,4,60.0,40.0
BKW01,HORIZONTALLY,HEIGHT,True,100,6.999969482421876e-05,6.818771362304688e-05,6.170574988582801e-06,100.0,0.0,10,10,0,100.0,0.0
BKW01,HORIZONTALLY,HEIGHT,False,12.75,7.076263427734375e-05,7.009506225585938e-05,4.7190017771675135e-06,12.75,87.25,10,6,4,60.0,40.0
BKW01,HORIZONTALLY,WIDTH,True,88.75,7.042884826660156e-05,6.723403930664062e-05,5.83925991624513e-06,88.75,11.25,10,8,2,80.0,20.0
BKW01,HORIZONTALLY,WIDTH,False,24.0,8.959770202636719e-05,8.654594421386719e-05,6.378577073596583e-06,24.0,76.0,10,8,2,80.0,20.0
BKW01,HORIZONTALLY,ID,True,17.75,8.058547973632812e-05,7.915496826171875e-05,4.485818796688742e-06,17.75,82.25,10,7,3,70.0,30.0
BKW01,HORIZONTALLY,ID,False,52.75,7.176399230957031e-05,6.961822509765625e-05,5.974752467223009e-06,52.75,47.25,10,7,3,70.0,30.0
BKW01,MAX_AREA,AREA,True,100,0.0001556873321533203,0.00015044212341308594,1.1150243303729264e-05,100.0,0.0,10,10,0,100.0,0.0
BKW01,MAX_AREA,AREA,False,60.0,0.00018935203552246095,0.0001838207244873047,1.1747432850351402e-05,60.0,40.0,10,9,1,90.0,10.0
BKW01,MAX_AREA,PERIMETER,True,100,0.00015463829040527344,0.0001506805419921875,9.502827418144246e-06,100.0,0.0,10,10,0,100.0,0.0
BKW01,MAX_AREA,PERIMETER,False,60.0,0.0001953601837158203,0.00018835067749023438,1.2620970726077714e-05,60.0,40.0,10,9,1,90.0,10.0
BKW01,MAX_AREA,HEIGHT,True,98.75,0.00015716552734375,0.000152587890625,1.0803703186964586e-05,98.75,1.25,10,9,1,90.0,10.0
BKW01,MAX_AREA,HEIGHT,False,60.0,0.0001896381378173828,0.00018453598022460938,1.2174391322543616e-05,60.0,40.0,10,9,1,90.0,10.0
BKW01,MAX_AREA,WIDTH,True,88.75,0.00014066696166992188,0.00013494491577148438,1.0286870687982822e-05,88.75,11.25,10,8,2,80.0,20.0
BKW01,MAX_AREA,WIDTH,False,60.0,0.00018467903137207032,0.00017881393432617188,1.1203745412369504e-05,60.0,40.0,10,9,1,90.0,10.0
BKW01,MAX_AREA,ID,True,60.0,0.00018448829650878905,0.00018072128295898438,1.0768921460530116e-05,60.0,40.0,10,9,1,90.0,10.0
BKW01,MAX_AREA,ID,False,52.75,0.0002300739288330078,0.0002315044403076172,2.471056465163837e-05,52.75,47.25,10,7,3,70.0,30.0
BKW01,NONE,AREA,True,100,0.0016429901123046875,0.0016300678253173828,2.582609212583651e-05,100.0,0.0,10,10,0,100.0,0.0
BKW01,NONE,AREA,False,60.0,0.001643800735473633,0.0016446113586425781,5.572266066738717e-06,60.0,40.0,10,9,1,90.0,10.0
BKW01,NONE,PERIMETER,True,100,0.001628541946411133,0.0016069412231445312,2.9965184577203092e-05,100.0,0.0,10,10,0,100.0,0.0
BKW01,NONE,PERIMETER,False,60.0,0.001674795150756836,0.0016574859619140625,3.207118957344007e-05,60.0,40.0,10,9,1,90.0,10.0
BKW01,NONE,HEIGHT,True,60.0,0.0012999534606933593,0.0013077259063720703,1.976120423017619e-05,60.0,40.0,10,9,1,90.0,10.0
BKW01,NONE,HEIGHT,False,60.0,0.0019024372100830077,0.001804351806640625,0.00020633667845166055,60.0,40.0,10,9,1,90.0,10.0
BKW01,NONE,WIDTH,True,100,0.0020637035369873045,0.002043008804321289,6.141884722750423e-05,100.0,0.0,10,10,0,100.0,0.0
BKW01,NONE,WIDTH,False,60.0,0.0018049716949462891,0.0018084049224853516,3.117822284344366e-05,60.0,40.0,10,9,1,90.0,10.0
BKW01,NONE,ID,True,60.0,0.0016782283782958984,0.0016629695892333984,2.2976427042603822e-05,60.0,40.0,10,9,1,90.0,10.0
BKW01,NONE,ID,False,52.75,0.0008477210998535156,0.0007889270782470703,0.0001025200555490677,52.75,47.25,10,7,3,70.0,30.0
BKW02,VERTICALLY,AREA,True,61.0,0.00015020370483398438,0.00014710426330566406,8.2052023313713e-06,61.0,39.0,20,14,6,70.0,30.0
BKW02,VERTICALLY,AREA,False,29.133333333333333,0.0001720428466796875,0.00018143653869628906,2.5219502123760008e-05,29.133333333333333,70.86666666666667,20,12,8,60.0,40.0
BKW02,VERTICALLY,PERIMETER,True,63.4,0.0001761913299560547,0.0001659393310546875,2.297444776646261e-05,63.4,36.6,20,15,5,75.0,25.0
BKW02,VERTICALLY,PERIMETER,False,29.133333333333333,0.0001263141632080078,0.00012230873107910156,7.090938907332113e-06,29.133333333333333,70.86666666666667,20,12,8,60.0,40.0
BKW02,VERTICALLY,HEIGHT,True,57.266666666666666,0.00015454292297363282,0.00015091896057128906,9.130404392167228e-06,57.266666666666666,42.733333333333334,20,13,7,65.0,35.0
BKW02,VERTICALLY,HEIGHT,False,34.2,0.00014595985412597657,0.0001404285430908203,7.6730788813403e-06,34.2,65.8,20,13,7,65.0,35.0
BKW02,VERTICALLY,WIDTH,True,81.06666666666666,0.000174713134765625,0.00016808509826660156,1.8517865289577954e-05,81.06666666666666,18.933333333333337,20,18,2,90.0,10.0
BKW02,VERTICALLY,WIDTH,False,26.73333333333333,0.00011444091796875,0.00011301040649414062,8.065457739292216e-06,26.73333333333333,73.26666666666667,20,11,9,55.00000000000001,45.0
BKW02,VERTICALLY,ID,True,40.733333333333334,0.0001468658447265625,0.0001392364501953125,1.577531260459258e-05,40.733333333333334,59.266666666666666,20,13,7,65.0,35.0
BKW02,VERTICALLY,ID,False,57.46666666666667,0.0001827239990234375,0.00018930435180664062,2.3093199449298556e-05,57.46666666666667,42.53333333333333,20,12,8,60.0,40.0
BKW02,HORIZONTALLY,AREA,True,82.66666666666667,0.00016789436340332032,0.00016355514526367188,1.0024246711119093e-05,82.66666666666667,17.33333333333333,20,13,7,65.0,35.0
BKW02,HORIZONTALLY,AREA,False,40.13333333333333,0.0001727581024169922,0.0001685619354248047,8.369273233503737e-06,40.13333333333333,59.86666666666667,20,14,6,70.0,30.0
BKW02,HORIZONTALLY,PERIMETER,True,82.66666666666667,0.00016989707946777344,0.00016570091247558594,9.854044947877328e-06,82.66666666666667,17.33333333333333,20,13,7,65.0,35.0
BKW02,HORIZONTALLY,PERIMETER,False,49.333333333333336,0.00017523765563964844,0.0001735687255859375,8.774321996888328e-06,49.333333333333336,50.666666666666664,20,15,5,75.0,25.0
BKW02,HORIZONTALLY,HEIGHT,True,82.53333333333333,0.00019927024841308593,0.00018715858459472656,2.0295233627934234e-05,82.53333333333333,17.46666666666667,20,16,4,80.0,20.0
BKW02,HORIZONTALLY,HEIGHT,False,47.46666666666667,0.00016994476318359374,0.0001652240753173828,9.03150221881748e-06,47.46666666666667,52.53333333333333,20,14,6,70.0,30.0
BKW02,HORIZONTALLY,WIDTH,True,73.4,0.00018405914306640625,0.0001823902130126953,8.198271675238592e-06,73.4,26.599999999999994,20,17,3,85.0,15.0
BKW02,HORIZONTALLY,WIDTH,False,60.199999999999996,0.000254058837890625,0.00022602081298828125,4.918699521831653e-05,60.199999999999996,39.800000000000004,20,17,3,85.0,15.0
BKW02,HORIZONTALLY,ID,True,50.4,0.0001689434051513672,0.0001621246337890625,1.2709834831948e-05,50.4,49.6,20,15,5,75.0,25.0
BKW02,HORIZONTALLY,ID,False,78.53333333333333,0.0001854419708251953,0.0001804828643798828,9.389455198059086e-06,78.53333333333333,21.46666666666667,20,16,4,80.0,20.0
BKW02,MAX_AREA,AREA,True,71.93333333333334,0.0004178524017333984,0.00035500526428222656,0.00010433264580460816,71.93333333333334,28.066666666666663,20,17,3,85.0,15.0
BKW02,MAX_AREA,AREA,False,43.86666666666667,0.00032215118408203126,0.0003218650817871094,9.918212890625e-06,43.86666666666667,56.13333333333333,20,15,5,75.0,25.0
BKW02,MAX_AREA,PERIMETER,True,71.93333333333334,0.00037384033203125,0.00035834312438964844,3.959241838080531e-05,71.93333333333334,28.066666666666663,20,17,3,85.0,15.0
BKW02,MAX_AREA,PERIMETER,False,60.199999999999996,0.0003537178039550781,0.00034689903259277344,1.4610682698855412e-05,60.199999999999996,39.800000000000004,20,17,3,85.0,15.0
BKW02,MAX_AREA,HEIGHT,True,68.2,0.00035042762756347655,0.0003452301025390625,1.427042251210441e-05,68.2,31.799999999999997,20,16,4,80.0,20.0
BKW02,MAX_AREA,HEIGHT,False,49.333333333333336,0.0003376483917236328,0.00033164024353027344,1.0526551524146201e-05,49.333333333333336,50.666666666666664,20,15,5,75.0,25.0
BKW02,MAX_AREA,WIDTH,True,79.46666666666667,0.00035648345947265626,0.0003495216369628906,1.7513236301506167e-05,79.46666666666667,20.53333333333333,20,18,2,90.0,10.0
BKW02,MAX_AREA,WIDTH,False,55.266666666666666,0.000311279296875,0.0003063678741455078,1.32879381922929e-05,55.266666666666666,44.733333333333334,20,15,5,75.0,25.0
BKW02,MAX_AREA,ID,True,54.13333333333333,0.00032858848571777345,0.0003256797790527344,9.447394485173483e-06,54.13333333333333,45.86666666666667,20,16,4,80.0,20.0
BKW02,MAX_AREA,ID,False,76.8,0.0003874778747558594,0.0003838539123535156,1.8982311724916637e-05,76.8,23.200000000000003,20,17,3,85.0,15.0
BKW02,NONE,AREA,True,85.86666666666667,0.005554294586181641,0.005564689636230469,7.292375908043911e-05,85.86666666666667,14.133333333333326,20,14,6,70.0,30.0
BKW02,NONE,AREA,False,43.53333333333333,0.011908626556396485,0.01180267333984375,0.00017701468288340374,43.53333333333333,56.46666666666667,20,15,5,75.0,25.0
BKW02,NONE,PERIMETER,True,89.86666666666666,0.006305027008056641,0.006261587142944336,8.803560754663437e-05,89.86666666666666,10.13333333333334,20,16,4,80.0,20.0
BKW02,NONE,PERIMETER,False,49.93333333333334,0.010753822326660157,0.010744094848632812,5.690515590442483e-05,49.93333333333334,50.06666666666666,20,16,4,80.0,20.0
BKW02,NONE,HEIGHT,True,82.0,0.007327508926391601,0.0073168277740478516,4.438311539481494e-05,82.0,18.0,20,17,3,85.0,15.0
BKW02,NONE,HEIGHT,False,59.13333333333334,0.015065526962280274,0.015141725540161133,0.0016750053020256213,59.13333333333334,40.86666666666666,20,17,3,85.0,15.0
BKW02,NONE,WIDTH,True,96.53333333333333,0.01571993827819824,0.015016794204711914,0.0016620968398258409,96.53333333333333,3.4666666666666686,20,18,2,90.0,10.0
BKW02,NONE,WIDTH,False,65.53333333333333,0.018247556686401368,0.017193317413330078,0.001772747157897318,65.53333333333333,34.46666666666667,20,16,4,80.0,20.0
BKW02,NONE,ID,True,64.33333333333333,0.013024568557739258,0.012079238891601562,0.0019915181634432297,64.33333333333333,35.66666666666667,20,17,3,85.0,15.0
BKW02,NONE,ID,False,76.8,0.00792231559753418,0.007924556732177734,0.00011319812844564471,76.8,23.200000000000003,20,17,3,85.0,15.0
BKW03,VERTICALLY,AREA,True,84.13333333333334,0.0002239704132080078,0.00022101402282714844,7.996944413659722e-06,84.13333333333334,15.86666666666666,30,23,7,76.66666666666667,23.333333333333332
BKW03,VERTICALLY,AREA,False,52.0,0.00024666786193847654,0.00024390220642089844,9.214932057862902e-06,52.0,48.0,30,24,6,80.0,20.0
BKW03,VERTICALLY,PERIMETER,True,80.13333333333334,0.00024356842041015626,0.00025200843811035156,1.3307601619214324e-05,80.13333333333334,19.86666666666666,30,22,8,73.33333333333333,26.666666666666668
BKW03,VERTICALLY,PERIMETER,False,52.0,0.0002197265625,0.000217437744140625,9.259239604990524e-06,52.0,48.0,30,24,6,80.0,20.0
BKW03,VERTICALLY,HEIGHT,True,75.46666666666667,0.00023298263549804689,0.00022649765014648438,1.099975579957853e-05,75.46666666666667,24.53333333333333,30,22,8,73.33333333333333,26.666666666666668
BKW03,VERTICALLY,HEIGHT,False,55.333333333333336,0.0002547264099121094,0.0002491474151611328,1.4165033485016354e-05,55.333333333333336,44.666666666666664,30,25,5,83.33333333333334,16.666666666666664
BKW03,VERTICALLY,WIDTH,True,88.6,0.00023975372314453126,0.00023555755615234375,9.531496512095978e-06,88.6,11.400000000000006,30,24,6,80.0,20.0
BKW03,VERTICALLY,WIDTH,False,52.0,0.0002269744873046875,0.00022149085998535156,8.969102874413667e-06,52.0,48.0,30,24,6,80.0,20.0
BKW03,VERTICALLY,ID,True,65.93333333333334,0.00024056434631347656,0.00023508071899414062,1.2260372622213434e-05,65.93333333333334,34.06666666666666,30,25,5,83.33333333333334,16.666666666666664
BKW03,VERTICALLY,ID,False,66.4,0.00025501251220703123,0.00024962425231933594,1.1790130203648065e-05,66.4,33.599999999999994,30,25,5,83.33333333333334,16.666666666666664
BKW03,HORIZONTALLY,AREA,True,88.8,0.0003079891204833984,0.00030303001403808594,1.1000789290678458e-05,88.8,11.200000000000003,30,23,7,76.66666666666667,23.333333333333332
BKW03,HORIZONTALLY,AREA,False,20.200000000000003,0.0002338409423828125,0.00023126602172851562,9.47263148638841e-06,20.200000000000003,79.8,30,17,13,56.666666666666664,43.333333333333336
BKW03,HORIZONTALLY,PERIMETER,True,93.0,0.0002957820892333984,0.0002956390380859375,6.094568370311911e-06,93.0,7.0,30,27,3,90.0,10.0
BKW03,HORIZONTALLY,PERIMETER,False,20.200000000000003,0.0002276897430419922,0.00022292137145996094,8.300254433407408e-06,20.200000000000003,79.8,30,17,13,56.666666666666664,43.333333333333336
BKW03,HORIZONTALLY,HEIGHT,True,83.06666666666666,0.00034060478210449217,0.00033664703369140625,8.548029266470549e-06,83.06666666666666,16.933333333333337,30,25,5,83.33333333333334,16.666666666666664
BKW03,HORIZONTALLY,HEIGHT,False,20.200000000000003,0.00024662017822265627,0.00024056434631347656,1.0442189415805306e-05,20.200000000000003,79.8,30,17,13,56.666666666666664,43.333333333333336
BKW03,HORIZONTALLY,WIDTH,True,58.13333333333334,0.0002865314483642578,0.0002796649932861328,1.0341321700245562e-05,58.13333333333334,41.86666666666666,30,24,6,80.0,20.0
BKW03,HORIZONTALLY,WIDTH,False,39.666666666666664,0.0003080844879150391,0.0003018379211425781,1.2568436150827638e-05,39.666666666666664,60.333333333333336,30,23,7,76.66666666666667,23.333333333333332
BKW03,HORIZONTALLY,ID,True,67.13333333333334,0.0003279209136962891,0.0003230571746826172,1.0143975086650652e-05,67.13333333333334,32.86666666666666,30,26,4,86.66666666666667,13.333333333333334
BKW03,HORIZONTALLY,ID,False,33.86666666666667,0.0004282951354980469,0.00043392181396484375,1.6913676817760733e-05,33.86666666666667,66.13333333333333,30,20,10,66.66666666666666,33.33333333333333
BKW03,MAX_AREA,AREA,True,92.4,0.000555419921875,0.0005490779876708984,2.5553578292646226e-05,92.4,7.599999999999994,30,25,5,83.33333333333334,16.666666666666664
BKW03,MAX_AREA,AREA,False,35.06666666666667,0.0005023479461669922,0.0004887580871582031,2.9130808974163944e-05,35.06666666666667,64.93333333333334,30,22,8,73.33333333333333,26.666666666666668
BKW03,MAX_AREA,PERIMETER,True,92.66666666666666,0.0005848407745361328,0.0005733966827392578,2.411070874125668e-05,92.66666666666666,7.333333333333343,30,28,2,93.33333333333333,6.666666666666667
BKW03,MAX_AREA,PERIMETER,False,38.13333333333333,0.0004887104034423829,0.0004837512969970703,1.7548255286488935e-05,38.13333333333333,61.86666666666667,30,22,8,73.33333333333333,26.666666666666668
BKW03,MAX_AREA,HEIGHT,True,90.4,0.000539398193359375,0.0005323886871337891,2.1917709883321363e-05,90.4,9.599999999999994,30,25,5,83.33333333333334,16.666666666666664
BKW03,MAX_AREA,HEIGHT,False,38.13333333333333,0.0005357742309570312,0.0005307197570800781,2.6309314657195175e-05,38.13333333333333,61.86666666666667,30,22,8,73.33333333333333,26.666666666666668
BKW03,MAX_AREA,WIDTH,True,78.33333333333333,0.0006458759307861328,0.0006337165832519531,2.5108544161329814e-05,78.33333333333333,21.66666666666667,30,28,2,93.33333333333333,6.666666666666667
BKW03,MAX_AREA,WIDTH,False,55.333333333333336,0.0005186557769775391,0.0005159378051757812,1.5921363503313457e-05,55.333333333333336,44.666666666666664,30,25,5,83.33333333333334,16.666666666666664
BKW03,MAX_AREA,ID,True,72.86666666666667,0.0006078243255615235,0.0006010532379150391,1.8640978870029163e-05,72.86666666666667,27.133333333333326,30,27,3,90.0,10.0
BKW03,MAX_AREA,ID,False,62.93333333333333,0.0005910396575927734,0.0005862712860107422,1.046220279665673e-05,62.93333333333333,37.06666666666667,30,27,3,90.0,10.0
BKW03,NONE,AREA,True,93.8,0.02959785461425781,0.0296933650970459,0.00028696595805307874,93.8,6.200000000000003,30,27,3,90.0,10.0
BKW03,NONE,AREA,False,58.333333333333336,0.05122418403625488,0.05124640464782715,0.00038667534579678444,58.333333333333336,41.666666666666664,30,26,4,86.66666666666667,13.333333333333334
BKW03,NONE,PERIMETER,True,92.66666666666666,0.030483007431030273,0.030204057693481445,0.0007027063147905899,92.66666666666666,7.333333333333343,30,28,2,93.33333333333333,6.666666666666667
BKW03,NONE,PERIMETER,False,55.733333333333334,0.04575676918029785,0.045682668685913086,0.00026501043485529726,55.733333333333334,44.266666666666666,30,26,4,86.66666666666667,13.333333333333334
BKW03,NONE,HEIGHT,True,89.73333333333333,0.025991344451904298,0.025844335556030273,0.0002735386488673042,89.73333333333333,10.266666666666666,30,25,5,83.33333333333334,16.666666666666664
BKW03,NONE,HEIGHT,False,51.46666666666667,0.05340113639831543,0.053075313568115234,0.0006411380962704437,51.46666666666667,48.53333333333333,30,24,6,80.0,20.0
BKW03,NONE,WIDTH,True,93.8,0.05142207145690918,0.05138349533081055,0.00026727347575088124,93.8,6.200000000000003,30,26,4,86.66666666666667,13.333333333333334
BKW03,NONE,WIDTH,False,71.6,0.05593194961547852,0.055428504943847656,0.0009310985723808856,71.6,28.400000000000006,30,28,2,93.33333333333333,6.666666666666667
BKW03,NONE,ID,True,78.93333333333334,0.05215034484863281,0.05211687088012695,0.00020272201129393084,78.93333333333334,21.066666666666663,30,28,2,93.33333333333333,6.666666666666667
BKW03,NONE,ID,False,80.0,0.0343660831451416,0.03300833702087402,0.0018426052587456527,80.0,20.0,30,28,2,93.33333333333333,6.666666666666667
BKW04,VERTICALLY,AREA,True,91.078125,0.0004138469696044922,0.0004107952117919922,1.0145992204815107e-05,91.078125,8.921875,40,34,6,85.0,15.0
BKW04,VERTICALLY,AREA,False,46.28125,0.0003604412078857422,0.00035834312438964844,1.025299688405414e-05,46.28125,53.71875,40,37,3,92.5,7.5
BKW04,VERTICALLY,PERIMETER,True,93.40625,0.00041131973266601564,0.00040650367736816406,1.4558299963514089e-05,93.40625,6.59375,40,36,4,90.0,10.0
BKW04,VERTICALLY,PERIMETER,False,44.46875,0.00035395622253417967,0.00035071372985839844,1.3087942242075845e-05,44.46875,55.53125,40,36,4,90.0,10.0
BKW04,VERTICALLY,HEIGHT,True,88.4375,0.0003814220428466797,0.0003783702850341797,8.313119445443806e-06,88.4375,11.5625,40,32,8,80.0,20.0
BKW04,VERTICALLY,HEIGHT,False,48.28125,0.00041632652282714845,0.00040721893310546875,1.6092388694948763e-05,48.28125,51.71875,40,38,2,95.0,5.0
BKW04,VERTICALLY,WIDTH,True,94.5,0.00048122406005859377,0.0004818439483642578,9.39574921055204e-06,94.5,5.5,40,35,5,87.5,12.5
BKW04,VERTICALLY,WIDTH,False,42.28125,0.0003368854522705078,0.00032806396484375,1.2924838078217561e-05,42.28125,57.71875,40,35,5,87.5,12.5
BKW04,VERTICALLY,ID,True,46.28125,0.0003946781158447266,0.00039076805114746094,1.2689245131286543e-05,46.28125,53.71875,40,37,3,92.5,7.5
BKW04,VERTICALLY,ID,False,81.59375,0.00041642189025878904,0.000408172607421875,1.725439062031315e-05,81.59375,18.40625,40,34,6,85.0,15.0
BKW04,HORIZONTALLY,AREA,True,87.3125,0.0005555629730224609,0.0005779266357421875,0.00012368768010936657,87.3125,12.6875,40,34,6,85.0,15.0
BKW04,HORIZONTALLY,AREA,False,18.6875,0.00048117637634277345,0.0004911422729492188,5.152035175252363e-05,18.6875,81.3125,40,28,12,70.0,30.0
BKW04,HORIZONTALLY,PERIMETER,True,85.78125,0.00036363601684570314,0.0003616809844970703,9.670981731800504e-06,85.78125,14.21875,40,31,9,77.5,22.5
BKW04,HORIZONTALLY,PERIMETER,False,17.5625,0.0003986358642578125,0.0003948211669921875,1.2423415427766468e-05,17.5625,82.4375,40,26,14,65.0,35.0
BKW04,HORIZONTALLY,HEIGHT,True,74.609375,0.0004338264465332031,0.00043129920959472656,1.162798477119197e-05,74.609375,25.390625,40,36,4,90.0,10.0
BKW04,HORIZONTALLY,HEIGHT,False,17.5625,0.00041632652282714845,0.0004112720489501953,1.619520390642816e-05,17.5625,82.4375,40,26,14,65.0,35.0
BKW04,HORIZONTALLY,WIDTH,True,75.640625,0.00042057037353515625,0.0004119873046875,1.7373501493679694e-05,75.640625,24.359375,40,34,6,85.0,15.0
BKW04,HORIZONTALLY,WIDTH,False,18.6875,0.0004004955291748047,0.00039386749267578125,2.0010918888699082e-05,18.6875,81.3125,40,28,12,70.0,30.0
BKW04,HORIZONTALLY,ID,True,33.859375,0.0004364490509033203,0.00042819976806640625,2.1005529262984984e-05,33.859375,66.140625,40,34,6,85.0,15.0
BKW04,HORIZONTALLY,ID,False,62.765625,0.0004490852355957031,0.00044918060302734375,9.158004909585416e-06,62.765625,37.234375,40,34,6,85.0,15.0
BKW04,MAX_AREA,AREA,True,86.5,0.0008595466613769531,0.0008513927459716797,3.286248779128252e-05,86.5,13.5,40,36,4,90.0,10.0
BKW04,MAX_AREA,AREA,False,38.59375,0.0007409095764160156,0.0007364749908447266,1.9839864212748677e-05,38.59375,61.40625,40,36,4,90.0,10.0
BKW04,MAX_AREA,PERIMETER,True,88.125,0.0008760929107666015,0.0008623600006103516,2.9418418140555355e-05,88.125,11.875,40,37,3,92.5,7.5
BKW04,MAX_AREA,PERIMETER,False,38.59375,0.0007668495178222656,0.0007462501525878906,3.60526733834228e-05,38.59375,61.40625,40,36,4,90.0,10.0
BKW04,MAX_AREA,HEIGHT,True,92.796875,0.0008029460906982422,0.0007998943328857422,2.709987692335729e-05,92.796875,7.203125,40,36,4,90.0,10.0
BKW04,MAX_AREA,HEIGHT,False,49.3125,0.0007796287536621094,0.0007798671722412109,1.8236761638811193e-05,49.3125,50.6875,40,36,4,90.0,10.0
BKW04,MAX_AREA,WIDTH,True,90.3125,0.0009891986846923828,0.0009391307830810547,0.00010138089532992959,90.3125,9.6875,40,38,2,95.0,5.0
BKW04,MAX_AREA,WIDTH,False,48.28125,0.0008530616760253906,0.0008168220520019531,8.716395436607e-05,48.28125,51.71875,40,38,2,95.0,5.0
BKW04,MAX_AREA,ID,True,61.671875,0.0008525371551513672,0.0008413791656494141,7.206229063128267e-05,61.671875,38.328125,40,38,2,95.0,5.0
BKW04,MAX_AREA,ID,False,85.53125,0.0011236190795898438,0.0010111331939697266,0.00016249875770675562,85.53125,14.46875,40,37,3,92.5,7.5
BKW04,NONE,AREA,True,96.1875,0.04524660110473633,0.04528999328613281,0.0002708233570609744,96.1875,3.8125,40,33,7,82.5,17.5
BKW04,NONE,AREA,False,44.671875,0.11441550254821778,0.11492466926574707,0.005564019626612125,44.671875,55.328125,40,35,5,87.5,12.5
BKW04,NONE,PERIMETER,True,95.0625,0.0556696891784668,0.051558732986450195,0.010495910976513501,95.0625,4.9375,40,30,10,75.0,25.0
BKW04,NONE,PERIMETER,False,48.28125,0.13407015800476074,0.12976884841918945,0.006776628465333622,48.28125,51.71875,40,38,2,95.0,5.0
BKW04,NONE,HEIGHT,True,94.0,0.052721261978149414,0.05272650718688965,7.949334516351572e-05,94.0,6.0,40,37,3,92.5,7.5
BKW04,NONE,HEIGHT,False,58.15625,0.10393195152282715,0.10214400291442871,0.0037068619321533464,58.15625,41.84375,40,38,2,95.0,5.0
BKW04,NONE,WIDTH,True,93.875,0.11812763214111328,0.11521267890930176,0.005060336661098113,93.875,6.125,40,38,2,95.0,5.0
BKW04,NONE,WIDTH,False,63.78125,0.15431480407714843,0.15390658378601074,0.0007899275842699105,63.78125,36.21875,40,39,1,97.5,2.5
BKW04,NONE,ID,True,48.28125,0.05224590301513672,0.05225539207458496,0.00014418781413630917,48.28125,51.71875,40,38,2,95.0,5.0
BKW04,NONE,ID,False,88.765625,0.08494977951049805,0.0818629264831543,0.005682723737523082,88.765625,11.234375,40,37,3,92.5,7.5
BKW05,VERTICALLY,AREA,True,64.92,0.0005274772644042969,0.0005230903625488281,1.1396906853778386e-05,64.92,35.08,50,39,11,78.0,22.0
BKW05,VERTICALLY,AREA,False,22.27,0.0003190040588378906,0.0003139972686767578,8.869683855885637e-06,22.27,77.73,50,29,21,57.99999999999999,42.0
BKW05,VERTICALLY,PERIMETER,True,74.00999999999999,0.0008029937744140625,0.000782012939453125,3.5932456303520265e-05,74.00999999999999,25.99000000000001,50,41,9,82.0,18.0
BKW05,VERTICALLY,PERIMETER,False,22.27,0.0003215789794921875,0.0003139972686767578,1.2367835963404428e-05,22.27,77.73,50,29,21,57.99999999999999,42.0
BKW05,VERTICALLY,HEIGHT,True,55.1,0.0005068778991699219,0.0005078315734863281,1.1725735010672996e-05,55.1,44.9,50,32,18,64.0,36.0
BKW05,VERTICALLY,HEIGHT,False,30.830000000000002,0.0004806041717529297,0.0004780292510986328,1.2521311599234573e-05,30.830000000000002,69.17,50,34,16,68.0,32.0
BKW05,VERTICALLY,WIDTH,True,87.05000000000001,0.0005415916442871094,0.00052642822265625,2.3465330487207235e-05,87.05000000000001,12.949999999999989,50,41,9,82.0,18.0
BKW05,VERTICALLY,WIDTH,False,22.27,0.0003112316131591797,0.0003046989440917969,1.4508392529095927e-05,22.27,77.73,50,29,21,57.99999999999999,42.0
BKW05,VERTICALLY,ID,True,27.35,0.000434112548828125,0.00042510032653808594,1.5668581694686834e-05,27.35,72.65,50,32,18,64.0,36.0
BKW05,VERTICALLY,ID,False,43.14,0.0005550384521484375,0.0005166530609130859,7.893117037403371e-05,43.14,56.86,50,36,14,72.0,28.000000000000004
BKW05,HORIZONTALLY,AREA,True,90.47,0.0004944324493408204,0.0004985332489013672,9.533643218711175e-06,90.47,9.530000000000001,50,35,15,70.0,30.0
BKW05,HORIZONTALLY,AREA,False,41.099999999999994,0.000545501708984375,0.0005421638488769531,1.4430923370957807e-05,41.099999999999994,58.900000000000006,50,39,11,78.0,22.0
BKW05,HORIZONTALLY,PERIMETER,True,90.88000000000001,0.0005562305450439453,0.0005564689636230469,1.4170169116277978e-05,90.88000000000001,9.11999999999999,50,40,10,80.0,20.0
BKW05,HORIZONTALLY,PERIMETER,False,41.099999999999994,0.0006152153015136719,0.0006194114685058594,4.735658009244558e-05,41.099999999999994,58.900000000000006,50,39,11,78.0,22.0
BKW05,HORIZONTALLY,HEIGHT,True,77.42,0.000626516342163086,0.0006213188171386719,1.4450919641119108e-05,77.42,22.58,50,42,8,84.0,16.0
BKW05,HORIZONTALLY,HEIGHT,False,25.080000000000002,0.00034971237182617186,0.000347137451171875,1.4676517900864341e-05,25.080000000000002,74.92,50,23,27,46.0,54.0
BKW05,HORIZONTALLY,WIDTH,True,83.96000000000001,0.000549936294555664,0.0005428791046142578,1.5852666290576694e-05,83.96000000000001,16.039999999999992,50,39,11,78.0,22.0
BKW05,HORIZONTALLY,WIDTH,False,42.809999999999995,0.0006806373596191407,0.00067901611328125,0.00011135790415759737,42.809999999999995,57.190000000000005,50,40,10,80.0,20.0
BKW05,HORIZONTALLY,ID,True,55.28999999999999,0.0005976200103759765,0.0005826950073242188,8.901243262107073e-05,55.28999999999999,44.71000000000001,50,37,13,74.0,26.0
BKW05,HORIZONTALLY,ID,False,77.5,0.0005797863006591797,0.0005741119384765625,3.7434419910975e-05,77.5,22.5,50,43,7,86.0,14.000000000000002
BKW05,MAX_AREA,AREA,True,92.14,0.0012037277221679688,0.0010805130004882812,0.00020586333081948474,92.14,7.859999999999999,50,42,8,84.0,16.0
BKW05,MAX_AREA,AREA,False,50.92,0.0010511398315429688,0.0010380744934082031,4.3243478281641396e-05,50.92,49.08,50,43,7,86.0,14.000000000000002
BKW05,MAX_AREA,PERIMETER,True,93.2,0.0012054920196533203,0.0012052059173583984,7.716890138937439e-05,93.2,6.799999999999997,50,45,5,90.0,10.0
BKW05,MAX_AREA,PERIMETER,False,50.92,0.0010589599609375,0.0010464191436767578,5.2612579338348145e-05,50.92,49.08,50,43,7,86.0,14.000000000000002
BKW05,MAX_AREA,HEIGHT,True,80.47999999999999,0.0012160301208496093,0.0012094974517822266,2.8756324961171115e-05,80.47999999999999,19.52000000000001,50,45,5,90.0,10.0
BKW05,MAX_AREA,HEIGHT,False,44.769999999999996,0.001011800765991211,0.001009225845336914,2.0892542681430385e-05,44.769999999999996,55.230000000000004,50,37,13,74.0,26.0
BKW05,MAX_AREA,WIDTH,True,89.7,0.00106048583984375,0.0010564327239990234,2.2939287196385856e-05,89.7,10.299999999999997,50,42,8,84.0,16.0
BKW05,MAX_AREA,WIDTH,False,52.92,0.0013260841369628906,0.0013151168823242188,3.0629504113620904e-05,52.92,47.08,50,43,7,86.0,14.000000000000002
BKW05,MAX_AREA,ID,True,62.74999999999999,0.001073455810546875,0.001062154769897461,3.089065791065542e-05,62.74999999999999,37.25000000000001,50,46,4,92.0,8.0
BKW05,MAX_AREA,ID,False,88.03999999999999,0.0010008811950683594,0.0009925365447998047,2.8051240232945017e-05,88.03999999999999,11.960000000000008,50,46,4,92.0,8.0
BKW05,NONE,AREA,True,92.05,0.17748117446899414,0.17708396911621094,0.0018622019896707704,92.05,7.950000000000003,50,38,12,76.0,24.0
BKW05,NONE,AREA,False,62.74999999999999,0.24775571823120118,0.2457594871520996,0.004193510399646581,62.74999999999999,37.25000000000001,50,46,4,92.0,8.0
BKW05,NONE,PERIMETER,True,93.13,0.19128012657165527,0.19250941276550293,0.00786430296914169,93.13,6.8700000000000045,50,36,14,72.0,28.000000000000004
BKW05,NONE,PERIMETER,False,67.88,0.27685394287109377,0.2689545154571533,0.01909764424227997,67.88,32.120000000000005,50,47,3,94.0,6.0
BKW05,NONE,HEIGHT,True,80.47999999999999,0.2012946128845215,0.18886160850524902,0.02277213494268446,80.47999999999999,19.52000000000001,50,45,5,90.0,10.0
BKW05,NONE,HEIGHT,False,62.59,0.28899922370910647,0.29441118240356445,0.0135753689635423,62.59,37.41,50,46,4,92.0,8.0
BKW05,NONE,WIDTH,True,93.56,0.19372849464416503,0.19291281700134277,0.0016575848203683418,93.56,6.439999999999998,50,38,12,76.0,24.0
BKW05,NONE,WIDTH,False,59.57,0.28289227485656737,0.2826082706451416,0.0015310081564546402,59.57,40.43,50,45,5,90.0,10.0
BKW05,NONE,ID,True,67.88,0.2362738609313965,0.2354729175567627,0.0012491457186042823,67.88,32.120000000000005,50,47,3,94.0,6.0
BKW05,NONE,ID,False,88.03999999999999,0.15671544075012206,0.15671372413635254,0.00021065472983105066,88.03999999999999,11.960000000000008,50,46,4,92.0,8.0
BKW06,VERTICALLY,AREA,True,70.02000000000001,0.0006504058837890625,0.0006539821624755859,8.979237457165842e-06,70.02000000000001,29.97999999999999,60,48,12,80.0,20.0
BKW06,VERTICALLY,AREA,False,33.86,0.0004498004913330078,0.0004470348358154297,1.2193053408613927e-05,33.86,66.14,60,51,9,85.0,15.0
BKW06,VERTICALLY,PERIMETER,True,70.58,0.000702810287475586,0.0007083415985107422,1.6375312833568137e-05,70.58,29.42,60,54,6,90.0,10.0
BKW06,VERTICALLY,PERIMETER,False,33.86,0.0004429817199707031,0.0004360675811767578,1.2376657268669334e-05,33.86,66.14,60,51,9,85.0,15.0
BKW06,VERTICALLY,HEIGHT,True,69.38,0.0006129264831542969,0.0006062984466552734,1.5473641303479317e-05,69.38,30.620000000000005,60,52,8,86.66666666666667,13.333333333333334
BKW06,VERTICALLY,HEIGHT,False,33.86,0.0004830360412597656,0.0004787445068359375,1.1104266936311679e-05,33.86,66.14,60,51,9,85.0,15.0
BKW06,VERTICALLY,WIDTH,True,86.9,0.0005132198333740234,0.0004687309265136719,7.47804120634141e-05,86.9,13.099999999999994,60,34,26,56.666666666666664,43.333333333333336
BKW06,VERTICALLY,WIDTH,False,32.42,0.0004235744476318359,0.0004265308380126953,1.5525132475774645e-05,32.42,67.58,60,50,10,83.33333333333334,16.666666666666664
BKW06,VERTICALLY,ID,True,45.26,0.0005354404449462891,0.0005335807800292969,9.039051749700907e-06,45.26,54.74,60,53,7,88.33333333333333,11.666666666666666
BKW06,VERTICALLY,ID,False,56.18,0.000540924072265625,0.0005350112915039062,1.3669017669851828e-05,56.18,43.82,60,53,7,88.33333333333333,11.666666666666666
BKW06,HORIZONTALLY,AREA,True,95.74000000000001,0.000592041015625,0.0005879402160644531,1.1802466205142962e-05,95.74000000000001,4.259999999999991,60,49,11,81.66666666666667,18.333333333333332
BKW06,HORIZONTALLY,AREA,False,13.239999999999998,0.0006170272827148438,0.0006110668182373047,1.1594106991141611e-05,13.239999999999998,86.76,60,37,23,61.66666666666667,38.333333333333336
BKW06,HORIZONTALLY,PERIMETER,True,96.06,0.0006463527679443359,0.0006411075592041016,1.2884312959607266e-05,96.06,3.9399999999999977,60,53,7,88.33333333333333,11.666666666666666
BKW06,HORIZONTALLY,PERIMETER,False,13.239999999999998,0.0006270408630371094,0.0006213188171386719,9.359865231309547e-06,13.239999999999998,86.76,60,37,23,61.66666666666667,38.333333333333336
BKW06,HORIZONTALLY,HEIGHT,True,81.6,0.0009840965270996095,0.000980377197265625,1.2258146970623836e-05,81.6,18.400000000000006,60,56,4,93.33333333333333,6.666666666666667
BKW06,HORIZONTALLY,HEIGHT,False,22.88,0.0006532669067382812,0.0006475448608398438,1.635836417949973e-05,22.88,77.12,60,39,21,65.0,35.0
BKW06,HORIZONTALLY,WIDTH,True,88.02,0.0007489204406738281,0.0007462501525878906,1.0279574014787172e-05,88.02,11.980000000000004,60,52,8,86.66666666666667,13.333333333333334
BKW06,HORIZONTALLY,WIDTH,False,22.46,0.000773477554321289,0.0007698535919189453,1.181690606870963e-05,22.46,77.53999999999999,60,46,14,76.66666666666667,23.333333333333332
BKW06,HORIZONTALLY,ID,True,45.14,0.0007524490356445312,0.0007445812225341797,1.7624923131479003e-05,45.14,54.86,60,50,10,83.33333333333334,16.666666666666664
BKW06,HORIZONTALLY,ID,False,48.32,0.0007338523864746094,0.0007262229919433594,1.645744579781377e-05,48.32,51.68,60,49,11,81.66666666666667,18.333333333333332
BKW06,MAX_AREA,AREA,True,95.92,0.0012887001037597656,0.0012137889862060547,0.0001329840104511567,95.92,4.079999999999998,60,51,9,85.0,15.0
BKW06,MAX_AREA,AREA,False,35.78,0.0011889934539794922,0.0011737346649169922,3.090552273950288e-05,35.78,64.22,60,52,8,86.66666666666667,13.333333333333334
BKW06,MAX_AREA,PERIMETER,True,95.34,0.0012142658233642578,0.0012161731719970703,1.9840666427690064e-05,95.34,4.659999999999997,60,51,9,85.0,15.0
BKW06,MAX_AREA,PERIMETER,False,35.78,0.0012651443481445312,0.0012454986572265625,5.5546637553051734e-05,35.78,64.22,60,52,8,86.66666666666667,13.333333333333334
BKW06,MAX_AREA,HEIGHT,True,72.5,0.001446104049682617,0.0014383792877197266,2.8875472468357268e-05,72.5,27.5,60,55,5,91.66666666666666,8.333333333333332
BKW06,MAX_AREA,HEIGHT,False,28.52,0.001299285888671875,0.001293182373046875,2.0486580304034257e-05,28.52,71.48,60,48,12,80.0,20.0
BKW06,MAX_AREA,WIDTH,True,92.75999999999999,0.0014110088348388671,0.0014133453369140625,2.5738342960471918e-05,92.75999999999999,7.240000000000009,60,55,5,91.66666666666666,8.333333333333332
BKW06,MAX_AREA,WIDTH,False,42.5,0.0012162208557128906,0.0012063980102539062,2.0278982330325337e-05,42.5,57.5,60,53,7,88.33333333333333,11.666666666666666
BKW06,MAX_AREA,ID,True,77.4,0.0014139175415039062,0.001399993896484375,8.560423647819974e-05,77.4,22.599999999999994,60,57,3,95.0,5.0
BKW06,MAX_AREA,ID,False,72.5,0.001429271697998047,0.0014219284057617188,3.059177022834437e-05,72.5,27.5,60,55,5,91.66666666666666,8.333333333333332
BKW06,NONE,AREA,True,96.94,0.16136751174926758,0.16060876846313477,0.001303927845551449,96.94,3.0600000000000023,60,47,13,78.33333333333333,21.666666666666668
BKW06,NONE,AREA,False,56.89999999999999,0.38632879257202146,0.38376545906066895,0.005409645005265391,56.89999999999999,43.10000000000001,60,54,6,90.0,10.0
BKW06,NONE,PERIMETER,True,97.38,0.1813286304473877,0.18114233016967773,0.0010715578110389904,97.38,2.6200000000000045,60,49,11,81.66666666666667,18.333333333333332
BKW06,NONE,PERIMETER,False,60.0,0.4003749370574951,0.3994584083557129,0.0025113625910906322,60.0,40.0,60,55,5,91.66666666666666,8.333333333333332
BKW06,NONE,HEIGHT,True,72.5,0.1689624309539795,0.1687633991241455,0.0011632969915258372,72.5,27.5,60,55,5,91.66666666666666,8.333333333333332
BKW06,NONE,HEIGHT,False,57.879999999999995,0.3676748275756836,0.36607885360717773,0.004616306655593438,57.879999999999995,42.120000000000005,60,55,5,91.66666666666666,8.333333333333332
BKW06,NONE,WIDTH,True,98.14,0.3601161003112793,0.3597586154937744,0.0020002053997169823,98.14,1.8599999999999994,60,57,3,95.0,5.0
BKW06,NONE,WIDTH,False,42.5,0.41001219749450685,0.40971899032592773,0.0006613961444750584,42.5,57.5,60,53,7,88.33333333333333,11.666666666666666
BKW06,NONE,ID,True,63.0,0.29471468925476074,0.2938506603240967,0.0018041984095199788,63.0,37.0,60,56,4,93.33333333333333,6.666666666666667
BKW06,NONE,ID,False,72.5,0.2447645664215088,0.24401545524597168,0.004950645323930364,72.5,27.5,60,55,5,91.66666666666666,8.333333333333332
BKW07,VERTICALLY,AREA,True,78.8,0.0007607460021972657,0.0007565021514892578,1.1600380859020209e-05,78.8,21.200000000000003,70,59,11,84.28571428571429,15.714285714285714
BKW07,VERTICALLY,AREA,False,41.5375,0.0006290435791015625,0.0006227493286132812,1.3876370951580082e-05,41.5375,58.4625,70,60,10,85.71428571428571,14.285714285714285
BKW07,VERTICALLY,PERIMETER,True,75.775,0.0007080078125,0.000705718994140625,1.664742256479176e-05,75.775,24.224999999999994,70,59,11,84.28571428571429,15.714285714285714
BKW07,VERTICALLY,PERIMETER,False,40.637499999999996,0.000621175765991211,0.0006222724914550781,1.4333379161366199e-05,40.637499999999996,59.362500000000004,70,59,11,84.28571428571429,15.714285714285714
BKW07,VERTICALLY,HEIGHT,True,67.80000000000001,0.0007478237152099609,0.0007491111755371094,9.410257788080045e-06,67.80000000000001,32.19999999999999,70,57,13,81.42857142857143,18.571428571428573
BKW07,VERTICALLY,HEIGHT,False,42.0875,0.000708627700805664,0.0007061958312988281,1.0981136327109488e-05,42.0875,57.9125,70,61,9,87.14285714285714,12.857142857142856
BKW07,VERTICALLY,WIDTH,True,91.66250000000001,0.0008655071258544921,0.0008580684661865234,1.9971110611130043e-05,91.66250000000001,8.337499999999991,70,67,3,95.71428571428572,4.285714285714286
BKW07,VERTICALLY,WIDTH,False,38.725,0.0005433559417724609,0.0005404949188232422,1.307873143832931e-05,38.725,61.275,70,56,14,80.0,20.0
BKW07,VERTICALLY,ID,True,66.60000000000001,0.0008433818817138672,0.0008323192596435547,1.8977040590869734e-05,66.60000000000001,33.39999999999999,70,62,8,88.57142857142857,11.428571428571429
BKW07,VERTICALLY,ID,False,46.725,0.0007897377014160156,0.0007445812225341797,7.504886695720274e-05,46.725,53.275,70,59,11,84.28571428571429,15.714285714285714
BKW07,HORIZONTALLY,AREA,True,74.0125,0.0008858203887939453,0.0008895397186279297,1.6977411858477356e-05,74.0125,25.987499999999997,70,60,10,85.71428571428571,14.285714285714285
BKW07,HORIZONTALLY,AREA,False,8.725,0.0008204936981201172,0.0008223056793212891,8.63931031396577e-06,8.725,91.275,70,44,26,62.857142857142854,37.142857142857146
BKW07,HORIZONTALLY,PERIMETER,True,83.775,0.0009659767150878906,0.0009145736694335938,0.00010183589601291817,83.775,16.224999999999994,70,62,8,88.57142857142857,11.428571428571429
BKW07,HORIZONTALLY,PERIMETER,False,11.525,0.000853729248046875,0.0008404254913330078,2.5083810109979892e-05,11.525,88.475,70,47,23,67.14285714285714,32.857142857142854
BKW07,HORIZONTALLY,HEIGHT,True,86.1,0.0008231639862060547,0.0008106231689453125,2.657125593643075e-05,86.1,13.900000000000006,70,67,3,95.71428571428572,4.285714285714286
BKW07,HORIZONTALLY,HEIGHT,False,6.75,0.0007870197296142578,0.0007848739624023438,1.0245898006135931e-05,6.75,93.25,70,41,29,58.57142857142858,41.42857142857143
BKW07,HORIZONTALLY,WIDTH,True,46.675,0.0007305622100830078,0.0007140636444091797,3.538613659302808e-05,46.675,53.325,70,55,15,78.57142857142857,21.428571428571427
BKW07,HORIZONTALLY,WIDTH,False,26.737499999999997,0.0009580612182617188,0.0008826255798339844,0.00013329527106332737,26.737499999999997,73.2625,70,56,14,80.0,20.0
BKW07,HORIZONTALLY,ID,True,46.825,0.0007194042205810547,0.0007190704345703125,1.1224021499270088e-05,46.825,53.175,70,55,15,78.57142857142857,21.428571428571427
BKW07,HORIZONTALLY,ID,False,59.8,0.0011273860931396485,0.001123189926147461,2.0273487567552674e-05,59.8,40.2,70,61,9,87.14285714285714,12.857142857142856
BKW07,MAX_AREA,AREA,True,82.72500000000001,0.0015545368194580078,0.0015065670013427734,0.0001376782885354482,82.72500000000001,17.27499999999999,70,63,7,90.0,10.0
BKW07,MAX_AREA,AREA,False,40.137499999999996,0.001447010040283203,0.0013713836669921875,0.00015802899964016437,40.137499999999996,59.862500000000004,70,62,8,88.57142857142857,11.428571428571429
BKW07,MAX_AREA,PERIMETER,True,90.5875,0.0014914512634277345,0.0014796257019042969,2.9800071631316824e-05,90.5875,9.412499999999994,70,64,6,91.42857142857143,8.571428571428571
BKW07,MAX_AREA,PERIMETER,False,42.0875,0.0014538288116455079,0.0014390945434570312,4.45094730559277e-05,42.0875,57.9125,70,63,7,90.0,10.0
BKW07,MAX_AREA,HEIGHT,True,82.35,0.0015524864196777345,0.0015490055084228516,2.8889642702921303e-05,82.35,17.650000000000006,70,67,3,95.71428571428572,4.285714285714286
BKW07,MAX_AREA,HEIGHT,False,38.9,0.001412343978881836,0.0013966560363769531,4.68821870862118e-05,38.9,61.1,70,57,13,81.42857142857143,18.571428571428573
BKW07,MAX_AREA,WIDTH,True,49.075,0.00137481689453125,0.0013616085052490234,2.544791951123698e-05,49.075,50.925,70,58,12,82.85714285714286,17.142857142857142
BKW07,MAX_AREA,WIDTH,False,61.212500000000006,0.0014250755310058593,0.0014142990112304688,2.7570261006268013e-05,61.212500000000006,38.787499999999994,70,66,4,94.28571428571428,5.714285714285714
BKW07,MAX_AREA,ID,True,79.4375,0.0016687870025634765,0.0016672611236572266,3.197711366362333e-05,79.4375,20.5625,70,66,4,94.28571428571428,5.714285714285714
BKW07,MAX_AREA,ID,False,64.3375,0.0014823436737060546,0.0014486312866210938,5.506996448259987e-05,64.3375,35.662499999999994,70,64,6,91.42857142857143,8.571428571428571
BKW07,NONE,AREA,True,90.2375,0.3149765968322754,0.31525087356567383,0.0014934652731213873,90.2375,9.762500000000003,70,67,3,95.71428571428572,4.285714285714286
BKW07,NONE,AREA,False,50.287499999999994,0.6570580959320068,0.6595137119293213,0.008817205669153602,50.287499999999994,49.712500000000006,70,65,5,92.85714285714286,7.142857142857142
BKW07,NONE,PERIMETER,True,91.5875,0.23441724777221679,0.23383498191833496,0.0010420736066728423,91.5875,8.412499999999994,70,65,5,92.85714285714286,7.142857142857142
BKW07,NONE,PERIMETER,False,60.712500000000006,0.6395311832427979,0.6318416595458984,0.023405671762678517,60.712500000000006,39.287499999999994,70,65,5,92.85714285714286,7.142857142857142
BKW07,NONE,HEIGHT,True,82.35,0.25685911178588866,0.23952984809875488,0.03734863529075793,82.35,17.650000000000006,70,67,3,95.71428571428572,4.285714285714286
BKW07,NONE,HEIGHT,False,56.6875,0.5404303550720215,0.5312774181365967,0.02004486686733226,56.6875,43.3125,70,62,8,88.57142857142857,11.428571428571429
BKW07,NONE,WIDTH,True,94.5,0.19643034934997558,0.19651579856872559,0.0022506209727476243,94.5,5.5,70,67,3,95.71428571428572,4.285714285714286
BKW07,NONE,WIDTH,False,64.3,0.7288992404937744,0.7286560535430908,0.004743137450067427,64.3,35.7,70,66,4,94.28571428571428,5.714285714285714
BKW07,NONE,ID,True,79.4375,0.33752689361572263,0.3366866111755371,0.0014970489556374732,79.4375,20.5625,70,66,4,94.28571428571428,5.714285714285714
BKW07,NONE,ID,False,75.8125,0.33454251289367676,0.3317713737487793,0.004989158563729437,75.8125,24.1875,70,68,2,97.14285714285714,2.857142857142857
BKW08,VERTICALLY,AREA,True,81.69999999999999,0.0009809970855712891,0.0009744167327880859,9.369091799188125e-06,81.69999999999999,18.30000000000001,80,66,14,82.5,17.5
BKW08,VERTICALLY,AREA,False,47.85,0.0007144927978515625,0.000713348388671875,1.2107720822073386e-05,47.85,52.15,80,68,12,85.0,15.0
BKW08,VERTICALLY,PERIMETER,True,86.9375,0.0010267257690429687,0.0010221004486083984,1.651165283298319e-05,86.9375,13.0625,80,64,16,80.0,20.0
BKW08,VERTICALLY,PERIMETER,False,58.3625,0.0008532047271728515,0.0008528232574462891,1.3980032777643426e-05,58.3625,41.6375,80,72,8,90.0,10.0
BKW08,VERTICALLY,HEIGHT,True,70.2375,0.0009718894958496094,0.0009644031524658203,1.6154578599478355e-05,70.2375,29.762500000000003,80,64,16,80.0,20.0
BKW08,VERTICALLY,HEIGHT,False,57.675,0.0009340286254882812,0.0009181499481201172,2.2099537549574304e-05,57.675,42.325,80,74,6,92.5,7.5
BKW08,VERTICALLY,WIDTH,True,92.7,0.0008845806121826171,0.0008723735809326172,1.8480992744717384e-05,92.7,7.299999999999997,80,69,11,86.25,13.750000000000002
BKW08,VERTICALLY,WIDTH,False,51.1875,0.0007119655609130859,0.0006742477416992188,0.00010523790680123841,51.1875,48.8125,80,65,15,81.25,18.75
BKW08,VERTICALLY,ID,True,54.4875,0.0014293670654296875,0.0014541149139404297,0.00015930917510672602,54.4875,45.5125,80,68,12,85.0,15.0
BKW08,VERTICALLY,ID,False,70.1875,0.000896453857421875,0.0008955001831054688,5.1132198092973595e-05,70.1875,29.8125,80,67,13,83.75,16.25
BKW08,HORIZONTALLY,AREA,True,72.1875,0.0011305809020996094,0.0011181831359863281,9.208563841039532e-05,72.1875,27.8125,80,63,17,78.75,21.25
BKW08,HORIZONTALLY,AREA,False,16.3875,0.0007124900817871094,0.0007026195526123047,2.5191537678009798e-05,16.3875,83.6125,80,41,39,51.24999999999999,48.75
BKW08,HORIZONTALLY,PERIMETER,True,72.95,0.0012428760528564453,0.0011653900146484375,0.0001523837571824852,72.95,27.049999999999997,80,63,17,78.75,21.25
BKW08,HORIZONTALLY,PERIMETER,False,16.3875,0.000716400146484375,0.0006935596466064453,4.201782327371424e-05,16.3875,83.6125,80,41,39,51.24999999999999,48.75
BKW08,HORIZONTALLY,HEIGHT,True,83.3125,0.0018449783325195312,0.0018968582153320312,0.00010716013133159887,83.3125,16.6875,80,72,8,90.0,10.0
BKW08,HORIZONTALLY,HEIGHT,False,10.95,0.0006463050842285157,0.0006275177001953125,4.391703879924321e-05,10.95,89.05,80,28,52,35.0,65.0
BKW08,HORIZONTALLY,WIDTH,True,53.8875,0.0008495330810546875,0.0008494853973388672,3.303259944405744e-05,53.8875,46.1125,80,57,23,71.25,28.749999999999996
BKW08,HORIZONTALLY,WIDTH,False,24.762500000000003,0.0009671211242675781,0.0009367465972900391,5.723150464576312e-05,24.762500000000003,75.2375,80,55,25,68.75,31.25
BKW08,HORIZONTALLY,ID,True,32.35,0.0011180877685546876,0.00107574462890625,0.00012432166205002043,32.35,67.65,80,59,21,73.75,26.25
BKW08,HORIZONTALLY,ID,False,36.762499999999996,0.0009447097778320313,0.0009379386901855469,2.444766012710841e-05,36.762499999999996,63.237500000000004,80,56,24,70.0,30.0
BKW08,MAX_AREA,AREA,True,93.7875,0.0020847320556640625,0.0020830631256103516,2.5350970270194697e-05,93.7875,6.212500000000006,80,75,5,93.75,6.25
BKW08,MAX_AREA,AREA,False,50.55,0.0015254020690917969,0.0015070438385009766,3.1262121955453447e-05,50.55,49.45,80,72,8,90.0,10.0
BKW08,MAX_AREA,PERIMETER,True,96.3,0.0015986442565917968,0.0015859603881835938,3.2564661518994905e-05,96.3,3.700000000000003,80,66,14,82.5,17.5
BKW08,MAX_AREA,PERIMETER,False,57.675,0.0017844200134277343,0.001772165298461914,8.001017763418944e-05,57.675,42.325,80,74,6,92.5,7.5
BKW08,MAX_AREA,HEIGHT,True,91.7,0.002244901657104492,0.0021042823791503906,0.00034130061873229484,91.7,8.299999999999997,80,71,9,88.75,11.25
BKW08,MAX_AREA,HEIGHT,False,39.875,0.002033710479736328,0.0020248889923095703,3.829035040311134e-05,39.875,60.125,80,65,15,81.25,18.75
BKW08,MAX_AREA,WIDTH,True,80.5,0.0019263267517089845,0.001928091049194336,8.810521088269935e-05,80.5,19.5,80,73,7,91.25,8.75
BKW08,MAX_AREA,WIDTH,False,58.35,0.001693391799926758,0.0015292167663574219,0.0003380266831935096,58.35,41.65,80,74,6,92.5,7.5
BKW08,MAX_AREA,ID,True,63.075,0.0017602920532226562,0.0017232894897460938,5.670842914603459e-05,63.075,36.925,80,73,7,91.25,8.75
BKW08,MAX_AREA,ID,False,82.7125,0.001829671859741211,0.001806497573852539,4.151042061408754e-05,82.7125,17.287499999999994,80,76,4,95.0,5.0
BKW08,NONE,AREA,True,94.19999999999999,0.5425820827484131,0.5438253879547119,0.003842859695865421,94.19999999999999,5.800000000000011,80,55,25,68.75,31.25
BKW08,NONE,AREA,False,66.725,1.1957141876220703,1.1926321983337402,0.013808246260724775,66.725,33.275000000000006,80,76,4,95.0,5.0
BKW08,NONE,PERIMETER,True,95.5375,0.5988252639770508,0.5951657295227051,0.00707702613875443,95.5375,4.462500000000006,80,62,18,77.5,22.5
BKW08,NONE,PERIMETER,False,66.725,1.1602035999298095,1.1528687477111816,0.01222795157610224,66.725,33.275000000000006,80,76,4,95.0,5.0
BKW08,NONE,HEIGHT,True,91.03750000000001,0.7239438533782959,0.6995670795440674,0.07375665344157858,91.03750000000001,8.962499999999991,80,71,9,88.75,11.25
BKW08,NONE,HEIGHT,False,53.0,1.0804144382476806,1.0463621616363525,0.08554242762882436,53.0,47.0,80,68,12,85.0,15.0
BKW08,NONE,WIDTH,True,94.175,0.6746696949005127,0.6726419925689697,0.006042135601259778,94.175,5.825000000000003,80,78,2,97.5,2.5
BKW08,NONE,WIDTH,False,70.4375,1.3155694484710694,1.3196520805358887,0.008750366141050903,70.4375,29.5625,80,75,5,93.75,6.25
BKW08,NONE,ID,True,82.45,0.9110936641693115,0.908519983291626,0.011371243137393345,82.45,17.549999999999997,80,77,3,96.25,3.75
BKW08,NONE,ID,False,86.95,0.6164568901062012,0.6105408668518066,0.012898431184412104,86.95,13.049999999999997,80,76,4,95.0,5.0
BKW09,VERTICALLY,AREA,True,70.54666666666667,0.0009370803833007813,0.0009291172027587891,2.050987425584335e-05,70.54666666666667,29.453333333333333,100,80,20,80.0,20.0
BKW09,VERTICALLY,AREA,False,35.68,0.0008655071258544921,0.0007722377777099609,0.00016376669356538983,35.68,64.32,100,85,15,85.0,15.0
BKW09,VERTICALLY,PERIMETER,True,73.58666666666667,0.0010124683380126954,0.001007080078125,1.39180916985992e-05,73.58666666666667,26.413333333333327,100,80,20,80.0,20.0
BKW09,VERTICALLY,PERIMETER,False,35.68,0.0007409095764160156,0.0007405281066894531,1.674139882960365e-05,35.68,64.32,100,85,15,85.0,15.0
BKW09,VERTICALLY,HEIGHT,True,50.70666666666666,0.0009253025054931641,0.000919342041015625,1.5529818335789902e-05,50.70666666666666,49.29333333333334,100,82,18,82.0,18.0
BKW09,VERTICALLY,HEIGHT,False,34.346666666666664,0.0007954597473144531,0.0007817745208740234,2.1802254721349423e-05,34.346666666666664,65.65333333333334,100,83,17,83.0,17.0
BKW09,VERTICALLY,WIDTH,True,90.03999999999999,0.001022481918334961,0.0010204315185546875,1.7028228132889695e-05,90.03999999999999,9.960000000000008,100,85,15,85.0,15.0
BKW09,VERTICALLY,WIDTH,False,31.826666666666664,0.0006606578826904297,0.0006692409515380859,1.5341267595974247e-05,31.826666666666664,68.17333333333333,100,78,22,78.0,22.0
BKW09,VERTICALLY,ID,True,42.76,0.001064443588256836,0.001068115234375,3.084240832044138e-05,42.76,57.24,100,88,12,88.0,12.0
BKW09,VERTICALLY,ID,False,35.346666666666664,0.0009320735931396485,0.0009222030639648438,3.7633177578485e-05,35.346666666666664,64.65333333333334,100,82,18,82.0,18.0
BKW09,HORIZONTALLY,AREA,True,91.78666666666668,0.0016901969909667968,0.0016734600067138672,3.726121618973918e-05,91.78666666666668,8.213333333333324,100,95,5,95.0,5.0
BKW09,HORIZONTALLY,AREA,False,22.12,0.0013566970825195312,0.0013267993927001953,6.242627073552219e-05,22.12,77.88,100,72,28,72.0,28.000000000000004
BKW09,HORIZONTALLY,PERIMETER,True,94.09333333333333,0.0011710643768310547,0.0011632442474365234,1.7997302453865183e-05,94.09333333333333,5.906666666666666,100,65,35,65.0,35.0
BKW09,HORIZONTALLY,PERIMETER,False,24.626666666666665,0.0014016151428222657,0.001382589340209961,5.051107905297139e-05,24.626666666666665,75.37333333333333,100,73,27,73.0,27.0
BKW09,HORIZONTALLY,HEIGHT,True,83.45333333333333,0.0015490531921386718,0.0015404224395751953,1.4725237921666456e-05,83.45333333333333,16.546666666666667,100,94,6,94.0,6.0
BKW09,HORIZONTALLY,HEIGHT,False,14.693333333333333,0.0011771678924560546,0.0011773109436035156,1.3318702888562082e-05,14.693333333333333,85.30666666666667,100,49,51,49.0,51.0
BKW09,HORIZONTALLY,WIDTH,True,70.48,0.0015296459197998047,0.0014429092407226562,0.00018342645643630194,70.48,29.519999999999996,100,89,11,89.0,11.0
BKW09,HORIZONTALLY,WIDTH,False,34.12,0.001511383056640625,0.0015022754669189453,2.7279670036589e-05,34.12,65.88,100,86,14,86.0,14.000000000000002
BKW09,HORIZONTALLY,ID,True,57.120000000000005,0.001703643798828125,0.0016722679138183594,4.16943858977357e-05,57.120000000000005,42.879999999999995,100,90,10,90.0,10.0
BKW09,HORIZONTALLY,ID,False,54.92,0.001488494873046875,0.0014812946319580078,6.704293138337833e-05,54.92,45.08,100,83,17,83.0,17.0
BKW09,MAX_AREA,AREA,True,87.34666666666666,0.002675962448120117,0.0026466846466064453,6.881264108352511e-05,87.34666666666666,12.653333333333336,100,95,5,95.0,5.0
BKW09,MAX_AREA,AREA,False,37.519999999999996,0.002177143096923828,0.0021529197692871094,4.773723459923895e-05,37.519999999999996,62.480000000000004,100,87,13,87.0,13.0
BKW09,MAX_AREA,PERIMETER,True,93.10666666666667,0.0027643680572509766,0.0026988983154296875,0.00011404531368975432,93.10666666666667,6.893333333333331,100,98,2,98.0,2.0
BKW09,MAX_AREA,PERIMETER,False,32.986666666666665,0.002177858352661133,0.0021431446075439453,7.97602765018196e-05,32.986666666666665,67.01333333333334,100,85,15,85.0,15.0
BKW09,MAX_AREA,HEIGHT,True,86.17333333333333,0.002482891082763672,0.00243377685546875,8.96039065313483e-05,86.17333333333333,13.826666666666668,100,94,6,94.0,6.0
BKW09,MAX_AREA,HEIGHT,False,27.453333333333337,0.0023565769195556642,0.0023353099822998047,4.1015591028886306e-05,27.453333333333337,72.54666666666667,100,77,23,77.0,23.0
BKW09,MAX_AREA,WIDTH,True,76.45333333333333,0.0027124881744384766,0.0026674270629882812,7.352730024292833e-05,76.45333333333333,23.546666666666667,100,92,8,92.0,8.0
BKW09,MAX_AREA,WIDTH,False,63.98666666666667,0.0022154331207275392,0.0021810531616210938,0.00010677473252046241,63.98666666666667,36.01333333333333,100,94,6,94.0,6.0
BKW09,MAX_AREA,ID,True,63.98666666666667,0.002659034729003906,0.002557516098022461,0.0001689343540201468,63.98666666666667,36.01333333333333,100,94,6,94.0,6.0
BKW09,MAX_AREA,ID,False,78.2,0.0026270866394042967,0.0026159286499023438,4.727652257925115e-05,78.2,21.799999999999997,100,94,6,94.0,6.0
BKW09,NONE,AREA,True,94.29333333333332,1.1927344799041748,1.190223217010498,0.009525179569812792,94.29333333333332,5.706666666666678,100,97,3,97.0,3.0
BKW09,NONE,AREA,False,62.57333333333334,2.0320651054382326,2.0323665142059326,0.0024888978186065527,62.57333333333334,37.42666666666666,100,96,4,96.0,4.0
BKW09,NONE,PERIMETER,True,96.92,1.2871078968048095,1.2871460914611816,0.014056900324335804,96.92,3.0799999999999983,100,79,21,79.0,21.0
BKW09,NONE,PERIMETER,False,58.25333333333334,1.9654020309448241,1.960777997970581,0.010150355396415402,58.25333333333334,41.74666666666666,100,95,5,95.0,5.0
BKW09,NONE,HEIGHT,True,85.21333333333332,1.3337290287017822,1.3175344467163086,0.02558060571075192,85.21333333333332,14.786666666666676,100,93,7,93.0,7.000000000000001
BKW09,NONE,HEIGHT,False,54.279999999999994,2.03874249458313,2.001983642578125,0.09832386519228083,54.279999999999994,45.720000000000006,100,94,6,94.0,6.0
BKW09,NONE,WIDTH,True,96.28,1.862328863143921,1.8686017990112305,0.019753919702565473,96.28,3.719999999999999,100,98,2,98.0,2.0
BKW09,NONE,WIDTH,False,68.46666666666667,2.4012559413909913,2.392411708831787,0.025939958683527074,68.46666666666667,31.53333333333333,100,96,4,96.0,4.0
BKW09,NONE,ID,True,72.57333333333334,1.539071273803711,1.5086164474487305,0.05178624964970481,72.57333333333334,27.426666666666662,100,97,3,97.0,3.0
BKW09,NONE,ID,False,82.0,1.4539165496826172,1.4349379539489746,0.03801353880486851,82.0,18.0,100,96,4,96.0,4.0
BKW10,VERTICALLY,AREA,True,61.838095238095235,0.0025305747985839844,0.002511262893676758,5.969879344147079e-05,61.838095238095235,38.161904761904765,200,177,23,88.5,11.5
BKW10,VERTICALLY,AREA,False,22.57142857142857,0.0013768672943115234,0.0013685226440429688,6.695785340338839e-05,22.57142857142857,77.42857142857143,200,168,32,84.0,16.0
BKW10,VERTICALLY,PERIMETER,True,62.57142857142857,0.0024922370910644533,0.0024454593658447266,6.788466542128839e-05,62.57142857142857,37.42857142857143,200,180,20,90.0,10.0
BKW10,VERTICALLY,PERIMETER,False,21.98095238095238,0.0014227867126464845,0.0014312267303466797,0.00012725001518002095,21.98095238095238,78.01904761904763,200,166,34,83.0,17.0
BKW10,VERTICALLY,HEIGHT,True,50.99047619047619,0.0026207923889160155,0.002776622772216797,0.00023774354741665322,50.99047619047619,49.00952380952381,200,170,30,85.0,15.0
BKW10,VERTICALLY,HEIGHT,False,24.304761904761904,0.0016849994659423827,0.0016820430755615234,3.170396997356764e-05,24.304761904761904,75.6952380952381,200,172,28,86.0,14.000000000000002
BKW10,VERTICALLY,WIDTH,True,84.06666666666666,0.002450370788574219,0.0024645328521728516,5.223154171435687e-05,84.06666666666666,15.933333333333337,200,187,13,93.5,6.5
BKW10,VERTICALLY,WIDTH,False,21.98095238095238,0.0012522697448730468,0.001184701919555664,8.976218548361242e-05,21.98095238095238,78.01904761904763,200,166,34,83.0,17.0
BKW10,VERTICALLY,ID,True,37.27619047619047,0.0020341873168945312,0.0020093917846679688,0.00015037541943476105,37.27619047619047,62.72380952380953,200,175,25,87.5,12.5
BKW10,VERTICALLY,ID,False,41.628571428571426,0.0016489028930664062,0.0016255378723144531,5.864282877167332e-05,41.628571428571426,58.371428571428574,200,171,29,85.5,14.499999999999998
BKW10,HORIZONTALLY,AREA,True,95.37142857142857,0.004092359542846679,0.003941774368286133,0.00028864535378638655,95.37142857142857,4.628571428571433,200,198,2,99.0,1.0
BKW10,HORIZONTALLY,AREA,False,16.37142857142857,0.004310178756713867,0.0042879581451416016,0.00016798367382459347,16.37142857142857,83.62857142857143,200,152,48,76.0,24.0
BKW10,HORIZONTALLY,PERIMETER,True,95.5047619047619,0.0035373210906982423,0.0035238265991210938,0.00010410585955394235,95.5047619047619,4.4952380952380935,200,191,9,95.5,4.5
BKW10,HORIZONTALLY,PERIMETER,False,16.37142857142857,0.004297733306884766,0.0042035579681396484,0.0001867931284600059,16.37142857142857,83.62857142857143,200,152,48,76.0,24.0
BKW10,HORIZONTALLY,HEIGHT,True,77.09523809523809,0.00342864990234375,0.003342151641845703,0.00015095096477793008,77.09523809523809,22.904761904761912,200,187,13,93.5,6.5
BKW10,HORIZONTALLY,HEIGHT,False,9.885714285714284,0.0030872344970703123,0.002996683120727539,0.0001543626834741105,9.885714285714284,90.11428571428571,200,103,97,51.5,48.5
BKW10,HORIZONTALLY,WIDTH,True,87.85714285714286,0.0026926040649414063,0.002577066421508789,0.0002020607008672327,87.85714285714286,12.142857142857139,200,190,10,95.0,5.0
BKW10,HORIZONTALLY,WIDTH,False,28.98095238095238,0.0035843849182128906,0.003563404083251953,9.134151511816246e-05,28.98095238095238,71.01904761904763,200,179,21,89.5,10.5
BKW10,HORIZONTALLY,ID,True,40.40952380952381,0.0030012607574462892,0.002979755401611328,4.775909188336127e-05,40.40952380952381,59.59047619047619,200,187,13,93.5,6.5
BKW10,HORIZONTALLY,ID,False,75.4952380952381,0.003198099136352539,0.0031549930572509766,8.423681667444655e-05,75.4952380952381,24.504761904761907,200,190,10,95.0,5.0
BKW10,MAX_AREA,AREA,True,91.34285714285714,0.006174564361572266,0.006199359893798828,0.00013064476666973385,91.34285714285714,8.657142857142858,200,195,5,97.5,2.5
BKW10,MAX_AREA,AREA,False,31.314285714285717,0.005519437789916992,0.005449533462524414,0.00020128263993856262,31.314285714285717,68.68571428571428,200,188,12,94.0,6.0
BKW10,MAX_AREA,PERIMETER,True,95.94285714285714,0.005994033813476562,0.005946159362792969,0.00015591695743229314,95.94285714285714,4.057142857142864,200,198,2,99.0,1.0
BKW10,MAX_AREA,PERIMETER,False,31.561904761904763,0.005739021301269531,0.0058574676513671875,0.00019501738539114133,31.561904761904763,68.43809523809523,200,188,12,94.0,6.0
BKW10,MAX_AREA,HEIGHT,True,72.29523809523809,0.006319093704223633,0.006269216537475586,0.00019695553185728975,72.29523809523809,27.70476190476191,200,195,5,97.5,2.5
BKW10,MAX_AREA,HEIGHT,False,30.580952380952382,0.005307674407958984,0.005246400833129883,0.0002729394817337565,30.580952380952382,69.41904761904762,200,181,19,90.5,9.5
BKW10,MAX_AREA,WIDTH,True,94.03809523809524,0.005180788040161133,0.005167961120605469,0.00015595523310522248,94.03809523809524,5.961904761904762,200,197,3,98.5,1.5
BKW10,MAX_AREA,WIDTH,False,54.6,0.004588603973388672,0.004519939422607422,0.00018408952966198706,54.6,45.4,200,194,6,97.0,3.0
BKW10,MAX_AREA,ID,True,58.62857142857143,0.004865694046020508,0.004748821258544922,0.00021424317397056124,58.62857142857143,41.37142857142857,200,197,3,98.5,1.5
BKW10,MAX_AREA,ID,False,83.06666666666666,0.0060828208923339845,0.0059206485748291016,0.000393349252313775,83.06666666666666,16.933333333333337,200,192,8,96.0,4.0
BKW10,NONE,AREA,True,96.12380952380953,9.714232158660888,9.724925994873047,0.14381083417018398,96.12380952380953,3.876190476190473,200,196,4,98.0,2.0
BKW10,NONE,AREA,False,45.63809523809524,17.890707063674927,17.91489553451538,0.08178181782947645,45.63809523809524,54.36190476190476,200,195,5,97.5,2.5
BKW10,NONE,PERIMETER,True,97.56190476190476,7.950697994232177,7.913326978683472,0.07139660034826278,97.56190476190476,2.4380952380952436,200,139,61,69.5,30.5
BKW10,NONE,PERIMETER,False,50.36190476190476,18.64668936729431,18.63896918296814,0.07024676284820695,50.36190476190476,49.63809523809524,200,196,4,98.0,2.0
BKW10,NONE,HEIGHT,True,77.8952380952381,9.243576669692994,9.170761823654175,0.13954847820112018,77.8952380952381,22.1047619047619,200,189,11,94.5,5.5
BKW10,NONE,HEIGHT,False,48.59047619047619,12.567250633239746,12.492258071899414,0.11127795666207389,48.59047619047619,51.40952380952381,200,195,5,97.5,2.5
BKW10,NONE,WIDTH,True,98.11428571428571,12.304915714263917,12.266678810119629,0.07156909906361968,98.11428571428571,1.8857142857142861,200,165,35,82.5,17.5
BKW10,NONE,WIDTH,False,55.800000000000004,21.395281982421874,21.333958864212036,0.13457859721303214,55.800000000000004,44.199999999999996,200,195,5,97.5,2.5
BKW10,NONE,ID,True,58.62857142857143,13.919491910934449,13.95641827583313,0.06596338510745972,58.62857142857143,41.37142857142857,200,197,3,98.5,1.5
BKW10,NONE,ID,False,76.24761904761905,13.40880365371704,13.404320001602173,0.08739830111772998,76.24761904761905,23.752380952380946,200,197,3,98.5,1.5
BKW11,VERTICALLY,AREA,True,65.72380952380954,0.003900289535522461,0.003876924514770508,4.547361753059101e-05,65.72380952380954,34.276190476190465,300,259,41,86.33333333333333,13.666666666666666
BKW11,VERTICALLY,AREA,False,37.923809523809524,0.002414226531982422,0.002398967742919922,4.382416256320648e-05,37.923809523809524,62.076190476190476,300,257,43,85.66666666666667,14.333333333333334
BKW11,VERTICALLY,PERIMETER,True,73.94285714285715,0.0038857460021972656,0.003918170928955078,0.0002164640606443084,73.94285714285715,26.05714285714285,300,261,39,87.0,13.0
BKW11,VERTICALLY,PERIMETER,False,37.923809523809524,0.002605628967285156,0.0025320053100585938,0.0001903860598306307,37.923809523809524,62.076190476190476,300,257,43,85.66666666666667,14.333333333333334
BKW11,VERTICALLY,HEIGHT,True,56.72380952380952,0.0037014961242675783,0.0036945343017578125,0.00011776288886749658,56.72380952380952,43.27619047619048,300,260,40,86.66666666666667,13.333333333333334
BKW11,VERTICALLY,HEIGHT,False,35.75238095238095,0.0029558181762695313,0.0029420852661132812,4.186499904263216e-05,35.75238095238095,64.24761904761905,300,258,42,86.0,14.000000000000002
BKW11,VERTICALLY,WIDTH,True,88.97142857142856,0.003405857086181641,0.003393411636352539,2.6619474395605675e-05,88.97142857142856,11.02857142857144,300,194,106,64.66666666666666,35.333333333333336
BKW11,VERTICALLY,WIDTH,False,37.923809523809524,0.0020862579345703124,0.0020744800567626953,2.0080223631324678e-05,37.923809523809524,62.076190476190476,300,257,43,85.66666666666667,14.333333333333334
BKW11,VERTICALLY,ID,True,46.39047619047619,0.0029466629028320314,0.0029249191284179688,3.934683867444042e-05,46.39047619047619,53.60952380952381,300,265,35,88.33333333333333,11.666666666666666
BKW11,VERTICALLY,ID,False,39.2,0.003180265426635742,0.0031561851501464844,4.851428515378818e-05,39.2,60.8,300,253,47,84.33333333333334,15.666666666666668
BKW11,HORIZONTALLY,AREA,True,93.79047619047618,0.006644058227539063,0.00664210319519043,8.053473279874474e-05,93.79047619047618,6.209523809523816,300,257,43,85.66666666666667,14.333333333333334
BKW11,HORIZONTALLY,AREA,False,21.78095238095238,0.00533447265625,0.005300998687744141,5.986549519344804e-05,21.78095238095238,78.21904761904761,300,205,95,68.33333333333333,31.666666666666664
BKW11,HORIZONTALLY,PERIMETER,True,94.88571428571429,0.004807519912719727,0.0048177242279052734,3.3868666200347765e-05,94.88571428571429,5.114285714285714,300,256,44,85.33333333333334,14.666666666666666
BKW11,HORIZONTALLY,PERIMETER,False,21.78095238095238,0.005576801300048828,0.005311727523803711,0.0004319683686141037,21.78095238095238,78.21904761904761,300,205,95,68.33333333333333,31.666666666666664
BKW11,HORIZONTALLY,HEIGHT,True,82.18095238095238,0.006387662887573242,0.006341457366943359,9.652618727522722e-05,82.18095238095238,17.819047619047623,300,285,15,95.0,5.0
BKW11,HORIZONTALLY,HEIGHT,False,10.780952380952382,0.004453468322753906,0.004431009292602539,7.081865011187777e-05,10.780952380952382,89.21904761904761,300,106,194,35.333333333333336,64.66666666666666
BKW11,HORIZONTALLY,WIDTH,True,80.42857142857143,0.005307722091674805,0.005294322967529297,4.3874304909017306e-05,80.42857142857143,19.57142857142857,300,253,47,84.33333333333334,15.666666666666668
BKW11,HORIZONTALLY,WIDTH,False,27.266666666666666,0.006858682632446289,0.006098508834838867,0.001091719507832322,27.266666666666666,72.73333333333333,300,236,64,78.66666666666666,21.333333333333336
BKW11,HORIZONTALLY,ID,True,52.457142857142856,0.0062677860260009766,0.0062448978424072266,6.671461381737338e-05,52.457142857142856,47.542857142857144,300,268,32,89.33333333333333,10.666666666666668
BKW11,HORIZONTALLY,ID,False,54.49523809523809,0.0059868812561035155,0.005937337875366211,7.471787217821304e-05,54.49523809523809,45.50476190476191,300,267,33,89.0,11.0
BKW11,MAX_AREA,AREA,True,96.71428571428572,0.009371805191040038,0.00930023193359375,0.0001235131033017868,96.71428571428572,3.2857142857142776,300,283,17,94.33333333333334,5.666666666666666
BKW11,MAX_AREA,AREA,False,41.266666666666666,0.009013891220092773,0.008969783782958984,0.0001162676258163217,41.266666666666666,58.733333333333334,300,271,29,90.33333333333333,9.666666666666666
BKW11,MAX_AREA,PERIMETER,True,97.77142857142857,0.008808088302612305,0.008809089660644531,0.00016002873838654236,97.77142857142857,2.2285714285714278,300,250,50,83.33333333333334,16.666666666666664
BKW11,MAX_AREA,PERIMETER,False,41.82857142857143,0.009332990646362305,0.00930476188659668,8.775728988877876e-05,41.82857142857143,58.17142857142857,300,270,30,90.0,10.0
BKW11,MAX_AREA,HEIGHT,True,82.25714285714287,0.011729145050048828,0.011809110641479492,0.00020543368930876855,82.25714285714287,17.742857142857133,300,286,14,95.33333333333334,4.666666666666667
BKW11,MAX_AREA,HEIGHT,False,27.876190476190477,0.009757137298583985,0.009668111801147461,0.00022242557755596301,27.876190476190477,72.12380952380953,300,226,74,75.33333333333333,24.666666666666668
BKW11,MAX_AREA,WIDTH,True,89.99047619047619,0.009692144393920899,0.00967097282409668,9.285617361703726e-05,89.99047619047619,10.009523809523813,300,286,14,95.33333333333334,4.666666666666667
BKW11,MAX_AREA,WIDTH,False,61.12380952380953,0.006502199172973633,0.0065155029296875,0.0001240222557266882,61.12380952380953,38.87619047619047,300,284,16,94.66666666666667,5.333333333333334
BKW11,MAX_AREA,ID,True,80.51428571428572,0.010382699966430663,0.010407209396362305,0.00024563984696668014,80.51428571428572,19.48571428571428,300,293,7,97.66666666666667,2.3333333333333335
BKW11,MAX_AREA,ID,False,80.27619047619048,0.009083127975463868,0.009135246276855469,0.0001664766567881466,80.27619047619048,19.72380952380952,300,292,8,97.33333333333334,2.666666666666667
BKW11,NONE,AREA,True,97.20952380952382,47.6853232383728,47.62895178794861,0.15333390058227545,97.20952380952382,2.790476190476184,300,276,24,92.0,8.0
BKW11,NONE,AREA,False,69.43809523809524,67.36679811477661,67.31601428985596,0.2795090708493109,69.43809523809524,30.561904761904756,300,291,9,97.0,3.0
BKW11,NONE,PERIMETER,True,98.15238095238095,47.297555112838744,47.30577564239502,0.03060538915583312,98.15238095238095,1.8476190476190482,300,260,40,86.66666666666667,13.333333333333334
BKW11,NONE,PERIMETER,False,69.99047619047619,65.979895734787,65.96280574798584,0.06330523807024208,69.99047619047619,30.009523809523813,300,289,11,96.33333333333334,3.6666666666666665
BKW11,NONE,HEIGHT,True,83.38095238095238,37.13513107299805,37.07770395278931,0.28963449937140145,83.38095238095238,16.61904761904762,300,289,11,96.33333333333334,3.6666666666666665
BKW11,NONE,HEIGHT,False,58.03809523809523,52.77090992927551,52.82382011413574,0.32385546398257975,58.03809523809523,41.96190476190477,300,280,20,93.33333333333333,6.666666666666667
BKW11,NONE,WIDTH,True,98.09523809523809,60.24602560997009,60.19139218330383,0.12736826767872617,98.09523809523809,1.9047619047619122,300,270,30,90.0,10.0
BKW11,NONE,WIDTH,False,72.72380952380952,70.33356657028199,70.22684526443481,0.1566154061843576,72.72380952380952,27.27619047619048,300,289,11,96.33333333333334,3.6666666666666665
BKW11,NONE,ID,True,78.71428571428571,55.69595289230347,55.904125690460205,0.49452565782539837,78.71428571428571,21.285714285714292,300,292,8,97.33333333333334,2.666666666666667
BKW11,NONE,ID,False,85.20952380952382,41.41336259841919,41.437352895736694,0.10516195023515716,85.20952380952382,14.790476190476184,300,294,6,98.0,2.0
BKW12,VERTICALLY,AREA,True,80.67333333333333,0.008542919158935547,0.008532285690307617,1.651922487043352e-05,80.67333333333333,19.326666666666668,500,460,40,92.0,8.0
BKW12,VERTICALLY,AREA,False,51.126666666666665,0.004570722579956055,0.0045545101165771484,3.562678863477249e-05,51.126666666666665,48.873333333333335,500,462,38,92.4,7.6
BKW12,VERTICALLY,PERIMETER,True,81.03333333333333,0.008815574645996093,0.008797407150268555,4.777099251533886e-05,81.03333333333333,18.96666666666667,500,461,39,92.2,7.8
BKW12,VERTICALLY,PERIMETER,False,56.24333333333333,0.004510021209716797,0.004476785659790039,5.936796882859991e-05,56.24333333333333,43.75666666666667,500,466,34,93.2,6.800000000000001
BKW12,VERTICALLY,HEIGHT,True,74.58333333333333,0.009609413146972657,0.009568452835083008,6.214971937701373e-05,74.58333333333333,25.41666666666667,500,450,50,90.0,10.0
BKW12,VERTICALLY,HEIGHT,False,50.21333333333333,0.005684709548950196,0.005640983581542969,7.791227337567692e-05,50.21333333333333,49.78666666666667,500,465,35,93.0,7.000000000000001
BKW12,VERTICALLY,WIDTH,True,87.8,0.005865764617919922,0.005872488021850586,4.2496705600434215e-05,87.8,12.200000000000003,500,313,187,62.6,37.4
BKW12,VERTICALLY,WIDTH,False,55.99666666666666,0.003839874267578125,0.0038323402404785156,4.7941132950064966e-05,55.99666666666666,44.00333333333334,500,457,43,91.4,8.6
BKW12,VERTICALLY,ID,True,59.326666666666675,0.008002710342407227,0.007996559143066406,3.938120694455942e-05,59.326666666666675,40.673333333333325,500,458,42,91.60000000000001,8.4
BKW12,VERTICALLY,ID,False,49.830000000000005,0.006699180603027344,0.006678104400634766,5.0011466781765394e-05,49.830000000000005,50.169999999999995,500,458,42,91.60000000000001,8.4
BKW12,HORIZONTALLY,AREA,True,89.37666666666667,0.02050914764404297,0.02036762237548828,0.00019528717802602457,89.37666666666667,10.623333333333335,500,445,55,89.0,11.0
BKW12,HORIZONTALLY,AREA,False,8.55,0.009285593032836914,0.009266138076782227,6.014438394216033e-05,8.55,91.45,500,183,317,36.6,63.4
BKW12,HORIZONTALLY,PERIMETER,True,91.2,0.014939260482788087,0.014924287796020508,0.00029190218267513947,91.2,8.799999999999997,500,390,110,78.0,22.0
BKW12,HORIZONTALLY,PERIMETER,False,8.55,0.009371662139892578,0.009363651275634766,3.6511717318474574e-05,8.55,91.45,500,183,317,36.6,63.4
BKW12,HORIZONTALLY,HEIGHT,True,86.90666666666667,0.020183420181274413,0.019626617431640625,0.0008545353811493147,86.90666666666667,13.093333333333334,500,462,38,92.4,7.6
BKW12,HORIZONTALLY,HEIGHT,False,8.55,0.009376144409179688,0.00937342643737793,6.455107188285608e-05,8.55,91.45,500,183,317,36.6,63.4
BKW12,HORIZONTALLY,WIDTH,True,74.58333333333333,0.016376161575317384,0.016255617141723633,0.00023711394031649457,74.58333333333333,25.41666666666667,500,463,37,92.60000000000001,7.3999999999999995
BKW12,HORIZONTALLY,WIDTH,False,26.616666666666667,0.014264726638793945,0.01424717903137207,4.2597761200504897e-05,26.616666666666667,73.38333333333333,500,409,91,81.8,18.2
BKW12,HORIZONTALLY,ID,True,45.31333333333333,0.02589111328125,0.0159456729888916,0.02000823144831145,45.31333333333333,54.68666666666667,500,449,51,89.8,10.2
BKW12,HORIZONTALLY,ID,False,34.75333333333334,0.01572418212890625,0.015720605850219727,0.000123572788848626,34.75333333333334,65.24666666666667,500,413,87,82.6,17.4
BKW12,MAX_AREA,AREA,True,95.11,0.02057986259460449,0.0205385684967041,6.971261406040926e-05,95.11,4.890000000000001,500,390,110,78.0,22.0
BKW12,MAX_AREA,AREA,False,28.70666666666667,0.02935051918029785,0.020952224731445312,0.017156628649234944,28.70666666666667,71.29333333333332,500,430,70,86.0,14.000000000000002
BKW12,MAX_AREA,PERIMETER,True,94.69999999999999,0.018315553665161133,0.018301963806152344,0.0001099383202229016,94.69999999999999,5.300000000000011,500,342,158,68.4,31.6
BKW12,MAX_AREA,PERIMETER,False,28.21,0.021613168716430663,0.02142500877380371,0.00032991947058977995,28.21,71.78999999999999,500,427,73,85.39999999999999,14.6
BKW12,MAX_AREA,HEIGHT,True,88.09666666666666,0.036373043060302736,0.0282135009765625,0.016579113074434517,88.09666666666666,11.903333333333336,500,486,14,97.2,2.8000000000000003
BKW12,MAX_AREA,HEIGHT,False,24.490000000000002,0.021655702590942384,0.021627187728881836,6.534767509957693e-05,24.490000000000002,75.50999999999999,500,394,106,78.8,21.2
BKW12,MAX_AREA,WIDTH,True,89.69333333333334,0.02709932327270508,0.02714395523071289,0.00011028939386011228,89.69333333333334,10.306666666666658,500,496,4,99.2,0.8
BKW12,MAX_AREA,WIDTH,False,67.24,0.012437057495117188,0.011909008026123047,0.0013639475562101566,67.24,32.760000000000005,500,488,12,97.6,2.4
BKW12,MAX_AREA,ID,True,84.92333333333333,0.02852635383605957,0.028605937957763672,0.00014258040220584587,84.92333333333333,15.076666666666668,500,493,7,98.6,1.4000000000000001
BKW12,MAX_AREA,ID,False,75.55666666666667,0.028829050064086915,0.02880263328552246,6.375571369072126e-05,75.55666666666667,24.443333333333328,500,489,11,97.8,2.1999999999999997
BKW12,NONE,AREA,True,95.91,223.22854766845703,223.6211416721344,0.9790972350552647,95.91,4.090000000000003,500,383,117,76.6,23.400000000000002
BKW12,NONE,AREA,False,66.89333333333335,366.34448461532594,366.4126832485199,0.2862938911142376,66.89333333333335,33.106666666666655,500,489,11,97.8,2.1999999999999997
BKW12,NONE,PERIMETER,True,95.84,223.485582113266,222.31043910980225,1.7512614357475087,95.84,4.159999999999997,500,372,128,74.4,25.6
BKW12,NONE,PERIMETER,False,68.88333333333333,356.0801869392395,355.73256063461304,1.126382862786966,68.88333333333333,31.116666666666674,500,490,10,98.0,2.0
BKW12,NONE,HEIGHT,True,90.05,230.04971470832825,229.8885886669159,0.42020600915134343,90.05,9.950000000000003,500,485,15,97.0,3.0
BKW12,NONE,HEIGHT,False,65.87666666666667,302.2903534889221,304.6258690357208,5.968094250792488,65.87666666666667,34.123333333333335,500,486,14,97.2,2.8000000000000003
BKW12,NONE,WIDTH,True,96.28,295.2036226272583,295.0188753604889,0.8588553457469273,96.28,3.719999999999999,500,461,39,92.2,7.8
BKW12,NONE,WIDTH,False,73.99666666666667,368.8631790161133,364.197687625885,6.623754623546927,73.99666666666667,26.00333333333333,500,490,10,98.0,2.0
BKW12,NONE,ID,True,88.57333333333334,299.70051164627074,295.4649877548218,6.509745134931305,88.57333333333334,11.426666666666662,500,493,7,98.6,1.4000000000000001
BKW12,NONE,ID,False,78.09666666666666,318.790441608429,319.0340666770935,1.1199674041137928,78.09666666666666,21.903333333333336,500,493,7,98.6,1.4000000000000001
