Instance,SplitMode,OrderMode,Decrescent,Solution Quality %,Exec. Time,Median,Standard deviation,Occupied %,Free %,Nº Items,Inside Items,Outside Items,Inside Items %,Outside Items %
NGCUT01,VERTICALLY,AREA,True,78.0,5.211830139160156e-05,4.673004150390625e-05,1.1104881206631223e-05,78.0,22.0,10,4,6,40.0,60.0
NGCUT01,VERTICALLY,AREA,False,70.0,4.162788391113281e-05,4.0531158447265625e-05,4.680782772753916e-06,70.0,30.0,10,4,6,40.0,60.0
NGCUT01,VERTICALLY,PERIMETER,True,62.0,3.1900405883789065e-05,3.0040740966796875e-05,4.491897144729876e-06,62.0,38.0,10,3,7,30.0,70.0
NGCUT01,VERTICALLY,PERIMETER,False,60.0,3.3283233642578124e-05,3.1948089599609375e-05,4.174980953187472e-06,60.0,40.0,10,3,7,30.0,70.0
NGCUT01,VERTICALLY,HEIGHT,True,78.0,4.9734115600585936e-05,4.8160552978515625e-05,4.512603059509651e-06,78.0,22.0,10,4,6,40.0,60.0
NGCUT01,VERTICALLY,HEIGHT,False,70.0,4.3725967407226564e-05,4.220008850097656e-05,4.947630735838959e-06,70.0,30.0,10,4,6,40.0,60.0
NGCUT01,VERTICALLY,WIDTH,True,72.0,3.6716461181640625e-05,3.528594970703125e-05,4.708389677555918e-06,72.0,28.0,10,4,6,40.0,60.0
NGCUT01,VERTICALLY,WIDTH,False,78.0,4.673004150390625e-05,4.506111145019531e-05,4.698721516065602e-06,78.0,22.0,10,4,6,40.0,60.0
NGCUT01,VERTICALLY,ID,True,76.0,4.6873092651367186e-05,4.4345855712890625e-05,4.517638886385732e-06,76.0,24.0,10,4,6,40.0,60.0
NGCUT01,VERTICALLY,ID,False,78.0,4.8112869262695315e-05,4.5299530029296875e-05,5.50204790496338e-06,78.0,22.0,10,4,6,40.0,60.0
NGCUT01,HORIZONTALLY,AREA,True,62.0,3.261566162109375e-05,3.0994415283203125e-05,4.7478233100487245e-06,62.0,38.0,10,3,7,30.0,70.0
NGCUT01,HORIZONTALLY,AREA,False,92.0,4.510879516601562e-05,4.315376281738281e-05,4.016203248833765e-06,92.0,8.0,10,5,5,50.0,50.0
NGCUT01,HORIZONTALLY,PERIMETER,True,62.0,2.93731689453125e-05,2.765655517578125e-05,4.2925939311702345e-06,62.0,38.0,10,3,7,30.0,70.0
NGCUT01,HORIZONTALLY,PERIMETER,False,76.0,3.914833068847656e-05,3.719329833984375e-05,4.412740822318754e-06,76.0,24.0,10,4,6,40.0,60.0
NGCUT01,HORIZONTALLY,HEIGHT,True,78.0,4.100799560546875e-05,3.838539123535156e-05,4.2702890734173036e-06,78.0,22.0,10,4,6,40.0,60.0
NGCUT01,HORIZONTALLY,HEIGHT,False,92.0,4.324913024902344e-05,4.124641418457031e-05,4.575152517818825e-06,92.0,8.0,10,5,5,50.0,50.0
NGCUT01,HORIZONTALLY,WIDTH,True,92.0,4.3725967407226564e-05,4.076957702636719e-05,5.523083585956672e-06,92.0,8.0,10,5,5,50.0,50.0
NGCUT01,HORIZONTALLY,WIDTH,False,78.0,4.520416259765625e-05,4.172325134277344e-05,6.5216960775867954e-06,78.0,22.0,10,4,6,40.0,60.0
NGCUT01,HORIZONTALLY,ID,True,76.0,4.7540664672851564e-05,4.5299530029296875e-05,3.976947681807144e-06,76.0,24.0,10,4,6,40.0,60.0
NGCUT01,HORIZONTALLY,ID,False,57.99999999999999,3.4761428833007815e-05,3.337860107421875e-05,4.363515965550745e-06,57.99999999999999,42.00000000000001,10,3,7,30.0,70.0
NGCUT01,MAX_AREA,AREA,True,78.0,9.846687316894531e-05,9.298324584960938e-05,8.986830894004628e-06,78.0,22.0,10,4,6,40.0,60.0
NGCUT01,MAX_AREA,AREA,False,92.0,9.622573852539063e-05,9.226799011230469e-05,8.614271455999817e-06,92.0,8.0,10,5,5,50.0,50.0
NGCUT01,MAX_AREA,PERIMETER,True,62.0,6.814002990722657e-05,6.437301635742188e-05,6.344622565643271e-06,62.0,38.0,10,3,7,30.0,70.0
NGCUT01,MAX_AREA,PERIMETER,False,60.0,6.289482116699219e-05,5.936622619628906e-05,7.837265127851342e-06,60.0,40.0,10,3,7,30.0,70.0
NGCUT01,MAX_AREA,HEIGHT,True,78.0,9.484291076660157e-05,9.036064147949219e-05,1.0083048409964458e-05,78.0,22.0,10,4,6,40.0,60.0
NGCUT01,MAX_AREA,HEIGHT,False,92.0,9.26971435546875e-05,9.012222290039062e-05,6.874397770286598e-06,92.0,8.0,10,5,5,50.0,50.0
NGCUT01,MAX_AREA,WIDTH,True,92.0,8.921623229980468e-05,8.58306884765625e-05,6.358941298740254e-06,92.0,8.0,10,5,5,50.0,50.0
NGCUT01,MAX_AREA,WIDTH,False,78.0,9.403228759765624e-05,9.250640869140625e-05,7.112070573264963e-06,78.0,22.0,10,4,6,40.0,60.0
NGCUT01,MAX_AREA,ID,True,76.0,9.8419189453125e-05,9.655952453613281e-05,7.094144721007951e-06,76.0,24.0,10,4,6,40.0,60.0
NGCUT01,MAX_AREA,ID,False,78.0,9.427070617675781e-05,9.083747863769531e-05,7.406495320827129e-06,78.0,22.0,10,4,6,40.0,60.0
NGCUT01,NONE,AREA,True,62.0,0.0002307891845703125,0.00022363662719726562,1.2548158041897551e-05,62.0,38.0,10,3,7,30.0,70.0
NGCUT01,NONE,AREA,False,70.0,0.0003537654876708984,0.0003485679626464844,1.07064543495011e-05,70.0,30.0,10,4,6,40.0,60.0
NGCUT01,NONE,PERIMETER,True,62.0,0.00011467933654785156,0.0001125335693359375,5.8341956783991945e-06,62.0,38.0,10,3,7,30.0,70.0
NGCUT01,NONE,PERIMETER,False,76.0,0.0001975536346435547,0.00019478797912597656,7.947031652831901e-06,76.0,24.0,10,4,6,40.0,60.0
NGCUT01,NONE,HEIGHT,True,78.0,0.0001926422119140625,0.0001881122589111328,8.080947938657707e-06,78.0,22.0,10,4,6,40.0,60.0
NGCUT01,NONE,HEIGHT,False,92.0,0.0004088878631591797,0.00040984153747558594,1.0714521395344164e-05,92.0,8.0,10,5,5,50.0,50.0
NGCUT01,NONE,WIDTH,True,92.0,0.0002864360809326172,0.00028324127197265625,1.0001765956470104e-05,92.0,8.0,10,5,5,50.0,50.0
NGCUT01,NONE,WIDTH,False,78.0,0.0001964569091796875,0.00019311904907226562,7.80179036607324e-06,78.0,22.0,10,4,6,40.0,60.0
NGCUT01,NONE,ID,True,76.0,0.00020155906677246093,0.00019931793212890625,5.374951088318578e-06,76.0,24.0,10,4,6,40.0,60.0
NGCUT01,NONE,ID,False,57.99999999999999,0.00021681785583496093,0.0002129077911376953,7.375732206808197e-06,57.99999999999999,42.00000000000001,10,3,7,30.0,70.0
NGCUT02,VERTICALLY,AREA,True,97.0,6.494522094726562e-05,6.508827209472656e-05,9.35937937051702e-06,97.0,3.0,17,5,12,29.411764705882355,70.58823529411765
NGCUT02,VERTICALLY,AREA,False,76.0,6.937980651855469e-05,6.699562072753906e-05,5.266838558763152e-06,76.0,24.0,17,7,10,41.17647058823529,58.82352941176471
NGCUT02,VERTICALLY,PERIMETER,True,97.0,4.267692565917969e-05,3.9577484130859375e-05,4.925522426077549e-06,97.0,3.0,17,5,12,29.411764705882355,70.58823529411765
NGCUT02,VERTICALLY,PERIMETER,False,76.0,7.162094116210937e-05,6.937980651855469e-05,5.77071473089909e-06,76.0,24.0,17,7,10,41.17647058823529,58.82352941176471
NGCUT02,VERTICALLY,HEIGHT,True,78.0,4.8160552978515625e-05,4.5299530029296875e-05,5.388470873457584e-06,78.0,22.0,17,5,12,29.411764705882355,70.58823529411765
NGCUT02,VERTICALLY,HEIGHT,False,56.00000000000001,6.389617919921875e-05,6.175041198730469e-05,6.025908725518845e-06,56.00000000000001,43.99999999999999,17,6,11,35.294117647058826,64.70588235294117
NGCUT02,VERTICALLY,WIDTH,True,97.0,4.520416259765625e-05,4.3392181396484375e-05,4.658872294645018e-06,97.0,3.0,17,5,12,29.411764705882355,70.58823529411765
NGCUT02,VERTICALLY,WIDTH,False,78.0,4.649162292480469e-05,4.363059997558594e-05,5.177582093483122e-06,78.0,22.0,17,5,12,29.411764705882355,70.58823529411765
NGCUT02,VERTICALLY,ID,True,70.0,5.087852478027344e-05,4.935264587402344e-05,4.641759309249099e-06,70.0,30.0,17,4,13,23.52941176470588,76.47058823529412
NGCUT02,VERTICALLY,ID,False,64.0,5.1641464233398436e-05,4.982948303222656e-05,5.762829082598101e-06,64.0,36.0,17,6,11,35.294117647058826,64.70588235294117
NGCUT02,HORIZONTALLY,AREA,True,91.0,5.717277526855469e-05,5.340576171875e-05,7.274541169218704e-06,91.0,9.0,17,5,12,29.411764705882355,70.58823529411765
NGCUT02,HORIZONTALLY,AREA,False,52.0,7.767677307128907e-05,7.534027099609375e-05,5.577975775104431e-06,52.0,48.0,17,6,11,35.294117647058826,64.70588235294117
NGCUT02,HORIZONTALLY,PERIMETER,True,91.0,5.7315826416015626e-05,5.650520324707031e-05,5.695360264173943e-06,91.0,9.0,17,5,12,29.411764705882355,70.58823529411765
NGCUT02,HORIZONTALLY,PERIMETER,False,52.0,7.767677307128907e-05,7.367134094238281e-05,7.699702080929387e-06,52.0,48.0,17,6,11,35.294117647058826,64.70588235294117
NGCUT02,HORIZONTALLY,HEIGHT,True,90.0,5.984306335449219e-05,5.6743621826171875e-05,6.266373253249935e-06,90.0,10.0,17,7,10,41.17647058823529,58.82352941176471
NGCUT02,HORIZONTALLY,HEIGHT,False,52.0,7.829666137695312e-05,7.295608520507812e-05,7.080028283009534e-06,52.0,48.0,17,6,11,35.294117647058826,64.70588235294117
NGCUT02,HORIZONTALLY,WIDTH,True,91.0,8.068084716796874e-05,8.106231689453125e-05,1.1641078582509711e-06,91.0,9.0,17,5,12,29.411764705882355,70.58823529411765
NGCUT02,HORIZONTALLY,WIDTH,False,88.0,6.132125854492187e-05,5.984306335449219e-05,6.51611541888794e-06,88.0,12.0,17,7,10,41.17647058823529,58.82352941176471
NGCUT02,HORIZONTALLY,ID,True,64.0,8.249282836914062e-05,8.702278137207031e-05,1.0820106537632621e-05,64.0,36.0,17,6,11,35.294117647058826,64.70588235294117
NGCUT02,HORIZONTALLY,ID,False,82.0,8.454322814941407e-05,8.106231689453125e-05,7.5794612498176286e-06,82.0,18.0,17,9,8,52.94117647058824,47.05882352941176
NGCUT02,MAX_AREA,AREA,True,91.0,0.00010652542114257813,0.00010561943054199219,6.650810087555227e-06,91.0,9.0,17,5,12,29.411764705882355,70.58823529411765
NGCUT02,MAX_AREA,AREA,False,52.0,0.00013828277587890625,0.00013566017150878906,7.980436485033216e-06,52.0,48.0,17,6,11,35.294117647058826,64.70588235294117
NGCUT02,MAX_AREA,PERIMETER,True,91.0,0.00011014938354492188,0.00010418891906738281,1.0137697041258478e-05,91.0,9.0,17,5,12,29.411764705882355,70.58823529411765
NGCUT02,MAX_AREA,PERIMETER,False,52.0,0.00014281272888183594,0.00014138221740722656,7.319100896587331e-06,52.0,48.0,17,6,11,35.294117647058826,64.70588235294117
NGCUT02,MAX_AREA,HEIGHT,True,78.0,9.837150573730469e-05,9.512901306152344e-05,8.013985797697382e-06,78.0,22.0,17,5,12,29.411764705882355,70.58823529411765
NGCUT02,MAX_AREA,HEIGHT,False,52.0,0.00013766288757324218,0.0001361370086669922,7.354121459489718e-06,52.0,48.0,17,6,11,35.294117647058826,64.70588235294117
NGCUT02,MAX_AREA,WIDTH,True,91.0,0.00010285377502441406,9.918212890625e-05,9.105717131952266e-06,91.0,9.0,17,5,12,29.411764705882355,70.58823529411765
NGCUT02,MAX_AREA,WIDTH,False,78.0,0.00010209083557128906,9.72747802734375e-05,8.858653980288266e-06,78.0,22.0,17,5,12,29.411764705882355,70.58823529411765
NGCUT02,MAX_AREA,ID,True,64.0,0.00013709068298339844,0.00013327598571777344,8.977971259957663e-06,64.0,36.0,17,6,11,35.294117647058826,64.70588235294117
NGCUT02,MAX_AREA,ID,False,82.0,0.00016999244689941406,0.00016617774963378906,9.335541216094054e-06,82.0,18.0,17,9,8,52.94117647058824,47.05882352941176
NGCUT02,NONE,AREA,True,97.0,0.00038361549377441406,0.0003790855407714844,8.998209034320937e-06,97.0,3.0,17,5,12,29.411764705882355,70.58823529411765
NGCUT02,NONE,AREA,False,76.0,0.001148366928100586,0.001092672348022461,0.00011753301810344152,76.0,24.0,17,7,10,41.17647058823529,58.82352941176471
NGCUT02,NONE,PERIMETER,True,97.0,0.0003767490386962891,0.00037407875061035156,9.628569074645695e-06,97.0,3.0,17,5,12,29.411764705882355,70.58823529411765
NGCUT02,NONE,PERIMETER,False,76.0,0.0010782718658447266,0.0010769367218017578,4.709838190027522e-06,76.0,24.0,17,7,10,41.17647058823529,58.82352941176471
NGCUT02,NONE,HEIGHT,True,90.0,0.0007035732269287109,0.0007002353668212891,5.957602767614548e-06,90.0,10.0,17,7,10,41.17647058823529,58.82352941176471
NGCUT02,NONE,HEIGHT,False,86.0,0.0013472557067871094,0.0013494491577148438,1.2555766170640902e-05,86.0,14.0,17,8,9,47.05882352941176,52.94117647058824
NGCUT02,NONE,WIDTH,True,91.0,0.0005899429321289063,0.0005869865417480469,6.878035105516608e-06,91.0,9.0,17,5,12,29.411764705882355,70.58823529411765
NGCUT02,NONE,WIDTH,False,88.0,0.0005532264709472656,0.0005497932434082031,7.798292328070732e-06,88.0,12.0,17,7,10,41.17647058823529,58.82352941176471
NGCUT02,NONE,ID,True,88.0,0.00075531005859375,0.0007593631744384766,6.870427571993971e-06,88.0,12.0,17,7,10,41.17647058823529,58.82352941176471
NGCUT02,NONE,ID,False,82.0,0.0009338855743408203,0.0009322166442871094,1.3595295538082404e-05,82.0,18.0,17,9,8,52.94117647058824,47.05882352941176
NGCUT03,VERTICALLY,AREA,True,90.0,5.846023559570312e-05,5.698204040527344e-05,5.211286961484623e-06,90.0,10.0,21,6,15,28.57142857142857,71.42857142857143
NGCUT03,VERTICALLY,AREA,False,66.0,8.540153503417968e-05,8.249282836914062e-05,5.278481807187902e-06,66.0,34.0,21,8,13,38.095238095238095,61.904761904761905
NGCUT03,VERTICALLY,PERIMETER,True,84.0,5.0449371337890624e-05,4.839897155761719e-05,5.2139041644426895e-06,84.0,16.0,21,5,16,23.809523809523807,76.19047619047619
NGCUT03,VERTICALLY,PERIMETER,False,56.99999999999999,7.476806640625e-05,7.200241088867188e-05,6.066523148166629e-06,56.99999999999999,43.00000000000001,21,7,14,33.33333333333333,66.66666666666666
NGCUT03,VERTICALLY,HEIGHT,True,85.0,5.8031082153320314e-05,5.5789947509765625e-05,5.368601968779591e-06,85.0,15.0,21,6,15,28.57142857142857,71.42857142857143
NGCUT03,VERTICALLY,HEIGHT,False,66.0,8.502006530761719e-05,8.106231689453125e-05,6.854855488418289e-06,66.0,34.0,21,8,13,38.095238095238095,61.904761904761905
NGCUT03,VERTICALLY,WIDTH,True,88.0,5.8746337890625e-05,5.5789947509765625e-05,6.183458357790881e-06,88.0,12.0,21,6,15,28.57142857142857,71.42857142857143
NGCUT03,VERTICALLY,WIDTH,False,64.0,5.240440368652344e-05,4.9114227294921875e-05,5.943082259514138e-06,64.0,36.0,21,5,16,23.809523809523807,76.19047619047619
NGCUT03,VERTICALLY,ID,True,93.0,7.200241088867188e-05,6.961822509765625e-05,6.565824309562113e-06,93.0,7.0,21,8,13,38.095238095238095,61.904761904761905
NGCUT03,VERTICALLY,ID,False,70.0,7.572174072265626e-05,7.271766662597656e-05,6.0590224984781366e-06,70.0,30.0,21,8,13,38.095238095238095,61.904761904761905
NGCUT03,HORIZONTALLY,AREA,True,81.0,5.059242248535156e-05,4.8160552978515625e-05,6.123970446336812e-06,81.0,19.0,21,4,17,19.047619047619047,80.95238095238095
NGCUT03,HORIZONTALLY,AREA,False,72.0,9.57489013671875e-05,9.34600830078125e-05,6.187134393046797e-06,72.0,28.0,21,9,12,42.857142857142854,57.14285714285714
NGCUT03,HORIZONTALLY,PERIMETER,True,90.0,6.594657897949219e-05,6.341934204101562e-05,5.764801505930868e-06,90.0,10.0,21,7,14,33.33333333333333,66.66666666666666
NGCUT03,HORIZONTALLY,PERIMETER,False,72.0,9.641647338867187e-05,9.465217590332031e-05,6.064648855432376e-06,72.0,28.0,21,9,12,42.857142857142854,57.14285714285714
NGCUT03,HORIZONTALLY,HEIGHT,True,93.0,6.6375732421875e-05,6.413459777832031e-05,5.845097815443301e-06,93.0,7.0,21,8,13,38.095238095238095,61.904761904761905
NGCUT03,HORIZONTALLY,HEIGHT,False,80.0,9.489059448242188e-05,9.226799011230469e-05,5.73593678806136e-06,80.0,20.0,21,9,12,42.857142857142854,57.14285714285714
NGCUT03,HORIZONTALLY,WIDTH,True,90.0,6.852149963378906e-05,6.580352783203125e-05,5.285369406669272e-06,90.0,10.0,21,7,14,33.33333333333333,66.66666666666666
NGCUT03,HORIZONTALLY,WIDTH,False,78.0,8.611679077148437e-05,8.20159912109375e-05,7.821292325520583e-06,78.0,22.0,21,8,13,38.095238095238095,61.904761904761905
NGCUT03,HORIZONTALLY,ID,True,90.0,0.00015993118286132811,0.00016760826110839844,1.851970698973364e-05,90.0,10.0,21,11,10,52.38095238095239,47.61904761904761
NGCUT03,HORIZONTALLY,ID,False,70.0,9.403228759765624e-05,9.059906005859375e-05,6.563399770658096e-06,70.0,30.0,21,8,13,38.095238095238095,61.904761904761905
NGCUT03,MAX_AREA,AREA,True,80.0,9.908676147460938e-05,9.703636169433594e-05,6.673335603153151e-06,80.0,20.0,21,5,16,23.809523809523807,76.19047619047619
NGCUT03,MAX_AREA,AREA,False,60.0,0.00018596649169921875,0.0001842975616455078,1.0668798523117866e-05,60.0,40.0,21,8,13,38.095238095238095,61.904761904761905
NGCUT03,MAX_AREA,PERIMETER,True,90.0,0.000130462646484375,0.00012731552124023438,8.871478119114106e-06,90.0,10.0,21,7,14,33.33333333333333,66.66666666666666
NGCUT03,MAX_AREA,PERIMETER,False,72.0,0.0001873016357421875,0.00018405914306640625,1.0087782817912615e-05,72.0,28.0,21,9,12,42.857142857142854,57.14285714285714
NGCUT03,MAX_AREA,HEIGHT,True,85.0,0.0001224994659423828,0.00011992454528808594,7.373882338734089e-06,85.0,15.0,21,6,15,28.57142857142857,71.42857142857143
NGCUT03,MAX_AREA,HEIGHT,False,80.0,0.00018835067749023438,0.00018215179443359375,1.2968743490614608e-05,80.0,20.0,21,9,12,42.857142857142854,57.14285714285714
NGCUT03,MAX_AREA,WIDTH,True,90.0,0.00013036727905273436,0.00012731552124023438,6.666176649971502e-06,90.0,10.0,21,7,14,33.33333333333333,66.66666666666666
NGCUT03,MAX_AREA,WIDTH,False,78.0,0.00016722679138183593,0.00016307830810546875,1.08438263538394e-05,78.0,22.0,21,8,13,38.095238095238095,61.904761904761905
NGCUT03,MAX_AREA,ID,True,90.0,0.00020771026611328126,0.00020241737365722656,1.0449590130471997e-05,90.0,10.0,21,11,10,52.38095238095239,47.61904761904761
NGCUT03,MAX_AREA,ID,False,70.0,0.0001747608184814453,0.00016880035400390625,1.1134938940972889e-05,70.0,30.0,21,8,13,38.095238095238095,61.904761904761905
NGCUT03,NONE,AREA,True,90.0,0.0006063461303710937,0.0005979537963867188,1.473527120984748e-05,90.0,10.0,21,6,15,28.57142857142857,71.42857142857143
NGCUT03,NONE,AREA,False,86.0,0.005357074737548828,0.005366802215576172,2.6746866919212402e-05,86.0,14.0,21,9,12,42.857142857142854,57.14285714285714
NGCUT03,NONE,PERIMETER,True,84.0,0.0005498409271240234,0.0005476474761962891,7.553618345913742e-06,84.0,16.0,21,5,16,23.809523809523807,76.19047619047619
NGCUT03,NONE,PERIMETER,False,72.0,0.001907205581665039,0.0018658638000488281,0.00010158462538452483,72.0,28.0,21,9,12,42.857142857142854,57.14285714285714
NGCUT03,NONE,HEIGHT,True,93.0,0.0009124755859375,0.0009088516235351562,8.62455936175866e-06,93.0,7.0,21,8,13,38.095238095238095,61.904761904761905
NGCUT03,NONE,HEIGHT,False,88.0,0.0029168128967285156,0.002918720245361328,1.7077828125702455e-05,88.0,12.0,21,10,11,47.61904761904761,52.38095238095239
NGCUT03,NONE,WIDTH,True,90.0,0.0007128715515136719,0.0007097721099853516,8.592335678755657e-06,90.0,10.0,21,7,14,33.33333333333333,66.66666666666666
NGCUT03,NONE,WIDTH,False,72.0,0.003055429458618164,0.0033991336822509766,0.00044909567040102934,72.0,28.0,21,7,14,33.33333333333333,66.66666666666666
NGCUT03,NONE,ID,True,93.0,0.003154420852661133,0.003152132034301758,1.8278854480432076e-05,93.0,7.0,21,8,13,38.095238095238095,61.904761904761905
NGCUT03,NONE,ID,False,80.0,0.0025147438049316407,0.0024187564849853516,0.00021171954297535494,80.0,20.0,21,9,12,42.857142857142854,57.14285714285714
NGCUT04,VERTICALLY,AREA,True,70.0,3.1900405883789065e-05,2.9802322387695312e-05,4.420463060312954e-06,70.0,30.0,7,4,3,57.14285714285714,42.857142857142854
NGCUT04,VERTICALLY,AREA,False,20.0,2.4557113647460938e-05,2.2649765014648438e-05,4.197792258658173e-06,20.0,80.0,7,2,5,28.57142857142857,71.42857142857143
NGCUT04,VERTICALLY,PERIMETER,True,78.0,4.2486190795898435e-05,3.933906555175781e-05,5.734747458790935e-06,78.0,22.0,7,5,2,71.42857142857143,28.57142857142857
NGCUT04,VERTICALLY,PERIMETER,False,30.0,2.25067138671875e-05,2.002716064453125e-05,4.631952073891025e-06,30.0,70.0,7,2,5,28.57142857142857,71.42857142857143
NGCUT04,VERTICALLY,HEIGHT,True,30.0,2.2077560424804686e-05,2.002716064453125e-05,4.028074661625457e-06,30.0,70.0,7,2,5,28.57142857142857,71.42857142857143
NGCUT04,VERTICALLY,HEIGHT,False,20.0,2.5653839111328124e-05,2.384185791015625e-05,4.0533963274676155e-06,20.0,80.0,7,2,5,28.57142857142857,71.42857142857143
NGCUT04,VERTICALLY,WIDTH,True,78.0,4.4298171997070315e-05,4.220008850097656e-05,4.4409900481701094e-06,78.0,22.0,7,5,2,71.42857142857143,28.57142857142857
NGCUT04,VERTICALLY,WIDTH,False,30.0,2.3174285888671876e-05,2.1219253540039062e-05,4.340004063790418e-06,30.0,70.0,7,2,5,28.57142857142857,71.42857142857143
NGCUT04,VERTICALLY,ID,True,62.0,3.8623809814453125e-05,3.695487976074219e-05,4.642738893370851e-06,62.0,38.0,7,4,3,57.14285714285714,42.857142857142854
NGCUT04,VERTICALLY,ID,False,70.0,3.337860107421875e-05,3.0994415283203125e-05,4.4425257487686596e-06,70.0,30.0,7,4,3,57.14285714285714,42.857142857142854
NGCUT04,HORIZONTALLY,AREA,True,92.0,4.6586990356445314e-05,4.506111145019531e-05,5.052224144399893e-06,92.0,8.0,7,6,1,85.71428571428571,14.285714285714285
NGCUT04,HORIZONTALLY,AREA,False,52.0,4.649162292480469e-05,4.38690185546875e-05,4.953142394513279e-06,52.0,48.0,7,4,3,57.14285714285714,42.857142857142854
NGCUT04,HORIZONTALLY,PERIMETER,True,78.0,4.5633316040039064e-05,4.291534423828125e-05,5.065707552802784e-06,78.0,22.0,7,5,2,71.42857142857143,28.57142857142857
NGCUT04,HORIZONTALLY,PERIMETER,False,52.0,4.5347213745117185e-05,4.267692565917969e-05,5.50204790496338e-06,52.0,48.0,7,4,3,57.14285714285714,42.857142857142854
NGCUT04,HORIZONTALLY,HEIGHT,True,70.0,3.681182861328125e-05,3.457069396972656e-05,5.242173443722463e-06,70.0,30.0,7,4,3,57.14285714285714,42.857142857142854
NGCUT04,HORIZONTALLY,HEIGHT,False,78.0,4.706382751464844e-05,4.482269287109375e-05,5.148074942117988e-06,78.0,22.0,7,5,2,71.42857142857143,28.57142857142857
NGCUT04,HORIZONTALLY,WIDTH,True,78.0,4.730224609375e-05,4.4345855712890625e-05,5.167911755976686e-06,78.0,22.0,7,5,2,71.42857142857143,28.57142857142857
NGCUT04,HORIZONTALLY,WIDTH,False,52.0,4.544258117675781e-05,4.291534423828125e-05,5.170111148235245e-06,52.0,48.0,7,4,3,57.14285714285714,42.857142857142854
NGCUT04,HORIZONTALLY,ID,True,88.0,5.507469177246094e-05,5.4836273193359375e-05,5.478441854990033e-06,88.0,12.0,7,6,1,85.71428571428571,14.285714285714285
NGCUT04,HORIZONTALLY,ID,False,92.0,4.677772521972656e-05,4.5299530029296875e-05,4.496956158772405e-06,92.0,8.0,7,6,1,85.71428571428571,14.285714285714285
NGCUT04,MAX_AREA,AREA,True,92.0,0.00010519027709960937,0.00010061264038085938,7.643388788252502e-06,92.0,8.0,7,6,1,85.71428571428571,14.285714285714285
NGCUT04,MAX_AREA,AREA,False,52.0,8.854866027832031e-05,8.487701416015625e-05,6.784841511062492e-06,52.0,48.0,7,4,3,57.14285714285714,42.857142857142854
NGCUT04,MAX_AREA,PERIMETER,True,78.0,9.679794311523438e-05,9.322166442871094e-05,6.513672377216028e-06,78.0,22.0,7,5,2,71.42857142857143,28.57142857142857
NGCUT04,MAX_AREA,PERIMETER,False,52.0,8.821487426757812e-05,8.416175842285156e-05,7.160500248756984e-06,52.0,48.0,7,4,3,57.14285714285714,42.857142857142854
NGCUT04,MAX_AREA,HEIGHT,True,70.0,7.486343383789062e-05,7.200241088867188e-05,6.882000915055536e-06,70.0,30.0,7,4,3,57.14285714285714,42.857142857142854
NGCUT04,MAX_AREA,HEIGHT,False,78.0,0.00010137557983398437,9.846687316894531e-05,8.337699174833173e-06,78.0,22.0,7,5,2,71.42857142857143,28.57142857142857
NGCUT04,MAX_AREA,WIDTH,True,78.0,0.000138092041015625,0.0001361370086669922,8.05473801876708e-06,78.0,22.0,7,5,2,71.42857142857143,28.57142857142857
NGCUT04,MAX_AREA,WIDTH,False,52.0,0.00011043548583984375,0.0001201629638671875,1.7129939378366426e-05,52.0,48.0,7,4,3,57.14285714285714,42.857142857142854
NGCUT04,MAX_AREA,ID,True,88.0,0.00010714530944824218,0.00010275840759277344,8.05360879711303e-06,88.0,12.0,7,6,1,85.71428571428571,14.285714285714285
NGCUT04,MAX_AREA,ID,False,70.0,7.619857788085938e-05,7.343292236328125e-05,6.63232321673542e-06,70.0,30.0,7,4,3,57.14285714285714,42.857142857142854
NGCUT04,NONE,AREA,True,92.0,0.0004234790802001953,0.0004181861877441406,1.1351729243630565e-05,92.0,8.0,7,6,1,85.71428571428571,14.285714285714285
NGCUT04,NONE,AREA,False,52.0,0.0001949787139892578,0.0001919269561767578,6.160987045798194e-06,52.0,48.0,7,4,3,57.14285714285714,42.857142857142854
NGCUT04,NONE,PERIMETER,True,78.0,0.00029277801513671875,0.0002903938293457031,7.740346470235789e-06,78.0,22.0,7,5,2,71.42857142857143,28.57142857142857
NGCUT04,NONE,PERIMETER,False,52.0,0.00019488334655761718,0.0001919269561767578,6.911013982304284e-06,52.0,48.0,7,4,3,57.14285714285714,42.857142857142854
NGCUT04,NONE,HEIGHT,True,70.0,0.00018782615661621093,0.00018548965454101562,5.850541265662875e-06,70.0,30.0,7,4,3,57.14285714285714,42.857142857142854
NGCUT04,NONE,HEIGHT,False,78.0,0.00029354095458984376,0.00029087066650390625,5.906624819641885e-06,78.0,22.0,7,5,2,71.42857142857143,28.57142857142857
NGCUT04,NONE,WIDTH,True,78.0,0.00029468536376953125,0.0002925395965576172,6.313367192330776e-06,78.0,22.0,7,5,2,71.42857142857143,28.57142857142857
NGCUT04,NONE,WIDTH,False,52.0,0.00019817352294921876,0.0001964569091796875,5.760461283107915e-06,52.0,48.0,7,4,3,57.14285714285714,42.857142857142854
NGCUT04,NONE,ID,True,88.0,0.00042405128479003904,0.0004200935363769531,6.05151255198954e-06,88.0,12.0,7,6,1,85.71428571428571,14.285714285714285
NGCUT04,NONE,ID,False,92.0,0.00040998458862304685,0.00040721893310546875,8.89860417199574e-06,92.0,8.0,7,6,1,85.71428571428571,14.285714285714285
NGCUT05,VERTICALLY,AREA,True,92.66666666666666,4.7254562377929685e-05,4.458427429199219e-05,5.259062072358031e-06,92.66666666666666,7.333333333333343,14,5,9,35.714285714285715,64.28571428571429
NGCUT05,VERTICALLY,AREA,False,53.333333333333336,4.897117614746094e-05,4.696846008300781e-05,5.566142022612682e-06,53.333333333333336,46.666666666666664,14,5,9,35.714285714285715,64.28571428571429
NGCUT05,VERTICALLY,PERIMETER,True,92.66666666666666,4.582405090332031e-05,4.291534423828125e-05,5.213468055189747e-06,92.66666666666666,7.333333333333343,14,5,9,35.714285714285715,64.28571428571429
NGCUT05,VERTICALLY,PERIMETER,False,31.333333333333336,2.6178359985351562e-05,2.4318695068359375e-05,4.345239925344283e-06,31.333333333333336,68.66666666666666,14,2,12,14.285714285714285,85.71428571428571
NGCUT05,VERTICALLY,HEIGHT,True,71.33333333333334,4.100799560546875e-05,3.814697265625e-05,5.704136477673593e-06,71.33333333333334,28.666666666666657,14,4,10,28.57142857142857,71.42857142857143
NGCUT05,VERTICALLY,HEIGHT,False,75.33333333333333,5.717277526855469e-05,5.245208740234375e-05,6.225236480853115e-06,75.33333333333333,24.66666666666667,14,6,8,42.857142857142854,57.14285714285714
NGCUT05,VERTICALLY,WIDTH,True,92.66666666666666,5.3262710571289064e-05,5.078315734863281e-05,6.309043954759882e-06,92.66666666666666,7.333333333333343,14,6,8,42.857142857142854,57.14285714285714
NGCUT05,VERTICALLY,WIDTH,False,31.333333333333336,2.350807189941406e-05,2.09808349609375e-05,4.537726308200958e-06,31.333333333333336,68.66666666666666,14,2,12,14.285714285714285,85.71428571428571
NGCUT05,VERTICALLY,ID,True,75.33333333333333,5.4264068603515624e-05,5.173683166503906e-05,6.476214030763544e-06,75.33333333333333,24.66666666666667,14,6,8,42.857142857142854,57.14285714285714
NGCUT05,VERTICALLY,ID,False,71.33333333333334,4.673004150390625e-05,4.482269287109375e-05,4.923213767677424e-06,71.33333333333334,28.666666666666657,14,4,10,28.57142857142857,71.42857142857143
NGCUT05,HORIZONTALLY,AREA,True,79.33333333333333,4.99725341796875e-05,4.792213439941406e-05,5.013824244726149e-06,79.33333333333333,20.66666666666667,14,4,10,28.57142857142857,71.42857142857143
NGCUT05,HORIZONTALLY,AREA,False,70.0,7.419586181640625e-05,7.152557373046875e-05,5.441796347689478e-06,70.0,30.0,14,6,8,42.857142857142854,57.14285714285714
NGCUT05,HORIZONTALLY,PERIMETER,True,79.33333333333333,4.801750183105469e-05,4.5299530029296875e-05,4.892172633621447e-06,79.33333333333333,20.66666666666667,14,4,10,28.57142857142857,71.42857142857143
NGCUT05,HORIZONTALLY,PERIMETER,False,60.0,6.470680236816406e-05,6.389617919921875e-05,4.5676918086349675e-06,60.0,40.0,14,5,9,35.714285714285715,64.28571428571429
NGCUT05,HORIZONTALLY,HEIGHT,True,78.66666666666666,5.145072937011719e-05,4.9591064453125e-05,5.42086467404263e-06,78.66666666666666,21.333333333333343,14,5,9,35.714285714285715,64.28571428571429
NGCUT05,HORIZONTALLY,HEIGHT,False,70.0,7.419586181640625e-05,7.200241088867188e-05,5.819367252589837e-06,70.0,30.0,14,6,8,42.857142857142854,57.14285714285714
NGCUT05,HORIZONTALLY,WIDTH,True,79.33333333333333,6.113052368164062e-05,5.745887756347656e-05,7.065561844631751e-06,79.33333333333333,20.66666666666667,14,5,9,35.714285714285715,64.28571428571429
NGCUT05,HORIZONTALLY,WIDTH,False,78.66666666666666,5.0449371337890624e-05,4.839897155761719e-05,4.868878659579778e-06,78.66666666666666,21.333333333333343,14,5,9,35.714285714285715,64.28571428571429
NGCUT05,HORIZONTALLY,ID,True,83.33333333333334,6.704330444335937e-05,6.437301635742188e-05,4.564704110631683e-06,83.33333333333334,16.666666666666657,14,6,8,42.857142857142854,57.14285714285714
NGCUT05,HORIZONTALLY,ID,False,65.33333333333333,5.2022933959960935e-05,4.935264587402344e-05,6.712065259837839e-06,65.33333333333333,34.66666666666667,14,4,10,28.57142857142857,71.42857142857143
NGCUT05,MAX_AREA,AREA,True,79.33333333333333,9.622573852539063e-05,9.179115295410156e-05,8.060663837095427e-06,79.33333333333333,20.66666666666667,14,4,10,28.57142857142857,71.42857142857143
NGCUT05,MAX_AREA,AREA,False,70.0,0.0001366138458251953,0.000133514404296875,7.716810584599214e-06,70.0,30.0,14,6,8,42.857142857142854,57.14285714285714
NGCUT05,MAX_AREA,PERIMETER,True,79.33333333333333,9.436607360839844e-05,9.036064147949219e-05,1.0776308783432124e-05,79.33333333333333,20.66666666666667,14,4,10,28.57142857142857,71.42857142857143
NGCUT05,MAX_AREA,PERIMETER,False,60.0,0.00011992454528808594,0.00011539459228515625,8.888889256623863e-06,60.0,40.0,14,5,9,35.714285714285715,64.28571428571429
NGCUT05,MAX_AREA,HEIGHT,True,71.33333333333334,8.711814880371093e-05,8.344650268554688e-05,8.222641675872753e-06,71.33333333333334,28.666666666666657,14,4,10,28.57142857142857,71.42857142857143
NGCUT05,MAX_AREA,HEIGHT,False,70.0,0.00013647079467773437,0.0001342296600341797,9.083215943229094e-06,70.0,30.0,14,6,8,42.857142857142854,57.14285714285714
NGCUT05,MAX_AREA,WIDTH,True,79.33333333333333,0.00010938644409179688,0.00010609626770019531,7.189654468419493e-06,79.33333333333333,20.66666666666667,14,5,9,35.714285714285715,64.28571428571429
NGCUT05,MAX_AREA,WIDTH,False,78.66666666666666,0.00010514259338378906,0.00010251998901367188,7.705015681893704e-06,78.66666666666666,21.333333333333343,14,5,9,35.714285714285715,64.28571428571429
NGCUT05,MAX_AREA,ID,True,83.33333333333334,0.00012955665588378906,0.00012612342834472656,8.797096349015308e-06,83.33333333333334,16.666666666666657,14,6,8,42.857142857142854,57.14285714285714
NGCUT05,MAX_AREA,ID,False,57.99999999999999,7.300376892089843e-05,7.05718994140625e-05,6.547444751051129e-06,57.99999999999999,42.00000000000001,14,3,11,21.428571428571427,78.57142857142857
NGCUT05,NONE,AREA,True,92.66666666666666,0.0003092765808105469,0.00030493736267089844,7.205449677203194e-06,92.66666666666666,7.333333333333343,14,5,9,35.714285714285715,64.28571428571429
NGCUT05,NONE,AREA,False,73.33333333333333,0.0006917476654052735,0.0006935596466064453,1.5958451018721914e-05,73.33333333333333,26.66666666666667,14,6,8,42.857142857142854,57.14285714285714
NGCUT05,NONE,PERIMETER,True,92.66666666666666,0.0003124237060546875,0.00030803680419921875,1.0510555358821375e-05,92.66666666666666,7.333333333333343,14,5,9,35.714285714285715,64.28571428571429
NGCUT05,NONE,PERIMETER,False,60.0,0.0003418922424316406,0.0003409385681152344,8.021642609243737e-06,60.0,40.0,14,5,9,35.714285714285715,64.28571428571429
NGCUT05,NONE,HEIGHT,True,78.66666666666666,0.0002952098846435547,0.0002918243408203125,9.408807937091074e-06,78.66666666666666,21.333333333333343,14,5,9,35.714285714285715,64.28571428571429
NGCUT05,NONE,HEIGHT,False,70.0,0.0005863666534423828,0.0005462169647216797,9.922597447845221e-05,70.0,30.0,14,6,8,42.857142857142854,57.14285714285714
NGCUT05,NONE,WIDTH,True,92.66666666666666,0.0004376888275146484,0.0004334449768066406,7.860440354391343e-06,92.66666666666666,7.333333333333343,14,6,8,42.857142857142854,57.14285714285714
NGCUT05,NONE,WIDTH,False,78.66666666666666,0.00033416748046875,0.0003204345703125,3.656212459754461e-05,78.66666666666666,21.333333333333343,14,5,9,35.714285714285715,64.28571428571429
NGCUT05,NONE,ID,True,83.33333333333334,0.00042018890380859377,0.0004169940948486328,6.585879009483163e-06,83.33333333333334,16.666666666666657,14,6,8,42.857142857142854,57.14285714285714
NGCUT05,NONE,ID,False,65.33333333333333,0.00028705596923828125,0.0002841949462890625,8.655612402282403e-06,65.33333333333333,34.66666666666667,14,4,10,28.57142857142857,71.42857142857143
NGCUT06,VERTICALLY,AREA,True,80.0,7.061958312988281e-05,6.794929504394531e-05,5.561646771172842e-06,80.0,20.0,15,6,9,40.0,60.0
NGCUT06,VERTICALLY,AREA,False,70.66666666666667,8.530616760253907e-05,8.225440979003906e-05,6.9908295501870375e-06,70.66666666666667,29.33333333333333,15,7,8,46.666666666666664,53.333333333333336
NGCUT06,VERTICALLY,PERIMETER,True,90.66666666666666,6.666183471679688e-05,6.389617919921875e-05,5.130377829098803e-06,90.66666666666666,9.333333333333343,15,7,8,46.666666666666664,53.333333333333336
NGCUT06,VERTICALLY,PERIMETER,False,70.66666666666667,8.778572082519531e-05,8.535385131835938e-05,8.144568501388426e-06,70.66666666666667,29.33333333333333,15,7,8,46.666666666666664,53.333333333333336
NGCUT06,VERTICALLY,HEIGHT,True,68.0,8.306503295898437e-05,8.130073547363281e-05,5.681370166246979e-06,68.0,32.0,15,6,9,40.0,60.0
NGCUT06,VERTICALLY,HEIGHT,False,78.66666666666666,7.376670837402343e-05,7.104873657226562e-05,7.268600087086192e-06,78.66666666666666,21.333333333333343,15,7,8,46.666666666666664,53.333333333333336
NGCUT06,VERTICALLY,WIDTH,True,76.0,7.691383361816407e-05,7.414817810058594e-05,6.686950501735901e-06,76.0,24.0,15,7,8,46.666666666666664,53.333333333333336
NGCUT06,VERTICALLY,WIDTH,False,70.66666666666667,0.000109100341796875,0.00011396408081054688,1.4974205280251027e-05,70.66666666666667,29.33333333333333,15,7,8,46.666666666666664,53.333333333333336
NGCUT06,VERTICALLY,ID,True,72.0,6.880760192871094e-05,6.29425048828125e-05,7.911186883300386e-06,72.0,28.0,15,6,9,40.0,60.0
NGCUT06,VERTICALLY,ID,False,70.66666666666667,7.662773132324218e-05,7.319450378417969e-05,6.081496694695815e-06,70.66666666666667,29.33333333333333,15,7,8,46.666666666666664,53.333333333333336
NGCUT06,HORIZONTALLY,AREA,True,74.66666666666667,6.704330444335937e-05,6.4849853515625e-05,6.779477469104454e-06,74.66666666666667,25.33333333333333,15,6,9,40.0,60.0
NGCUT06,HORIZONTALLY,AREA,False,62.66666666666667,7.51495361328125e-05,7.224082946777344e-05,6.693407877108226e-06,62.66666666666667,37.33333333333333,15,6,9,40.0,60.0
NGCUT06,HORIZONTALLY,PERIMETER,True,64.0,7.0953369140625e-05,6.246566772460938e-05,1.4860651264698785e-05,64.0,36.0,15,5,10,33.33333333333333,66.66666666666666
NGCUT06,HORIZONTALLY,PERIMETER,False,69.33333333333334,6.613731384277343e-05,6.270408630371094e-05,6.556467576317102e-06,69.33333333333334,30.666666666666657,15,6,9,40.0,60.0
NGCUT06,HORIZONTALLY,HEIGHT,True,70.66666666666667,8.063316345214843e-05,7.677078247070312e-05,6.292444027695792e-06,70.66666666666667,29.33333333333333,15,7,8,46.666666666666664,53.333333333333336
NGCUT06,HORIZONTALLY,HEIGHT,False,57.333333333333336,6.699562072753906e-05,6.413459777832031e-05,5.639997978236177e-06,57.333333333333336,42.666666666666664,15,5,10,33.33333333333333,66.66666666666666
NGCUT06,HORIZONTALLY,WIDTH,True,57.333333333333336,7.309913635253907e-05,6.961822509765625e-05,9.524337328908076e-06,57.333333333333336,42.666666666666664,15,5,10,33.33333333333333,66.66666666666666
NGCUT06,HORIZONTALLY,WIDTH,False,65.33333333333333,6.527900695800782e-05,6.222724914550781e-05,6.431824508655506e-06,65.33333333333333,34.66666666666667,15,6,9,40.0,60.0
NGCUT06,HORIZONTALLY,ID,True,72.0,7.176399230957031e-05,6.842613220214844e-05,9.878703432143066e-06,72.0,28.0,15,6,9,40.0,60.0
NGCUT06,HORIZONTALLY,ID,False,74.66666666666667,7.486343383789062e-05,7.128715515136719e-05,6.100907364487441e-06,74.66666666666667,25.33333333333333,15,6,9,40.0,60.0
NGCUT06,MAX_AREA,AREA,True,60.0,0.00011730194091796875,0.00011301040649414062,8.780797990091788e-06,60.0,40.0,15,5,10,33.33333333333333,66.66666666666666
NGCUT06,MAX_AREA,AREA,False,70.66666666666667,0.00016584396362304688,0.00016236305236816406,1.0752228560436473e-05,70.66666666666667,29.33333333333333,15,7,8,46.666666666666664,53.333333333333336
NGCUT06,MAX_AREA,PERIMETER,True,64.0,0.00011811256408691406,0.0001163482666015625,8.265391371476217e-06,64.0,36.0,15,5,10,33.33333333333333,66.66666666666666
NGCUT06,MAX_AREA,PERIMETER,False,70.66666666666667,0.0001682281494140625,0.000164031982421875,9.879393904524802e-06,70.66666666666667,29.33333333333333,15,7,8,46.666666666666664,53.333333333333336
NGCUT06,MAX_AREA,HEIGHT,True,70.66666666666667,0.00017061233520507813,0.0001666545867919922,9.409049594437094e-06,70.66666666666667,29.33333333333333,15,7,8,46.666666666666664,53.333333333333336
NGCUT06,MAX_AREA,HEIGHT,False,57.333333333333336,0.00011925697326660156,0.00011682510375976562,8.518452604842799e-06,57.333333333333336,42.666666666666664,15,5,10,33.33333333333333,66.66666666666666
NGCUT06,MAX_AREA,WIDTH,True,57.333333333333336,0.0001216888427734375,0.00011730194091796875,9.136876855673227e-06,57.333333333333336,42.666666666666664,15,5,10,33.33333333333333,66.66666666666666
NGCUT06,MAX_AREA,WIDTH,False,70.66666666666667,0.0001628398895263672,0.0001595020294189453,8.551220615943869e-06,70.66666666666667,29.33333333333333,15,7,8,46.666666666666664,53.333333333333336
NGCUT06,MAX_AREA,ID,True,72.0,0.00012612342834472656,0.00012159347534179688,9.323355411113943e-06,72.0,28.0,15,6,9,40.0,60.0
NGCUT06,MAX_AREA,ID,False,80.0,0.00015645027160644532,0.00015234947204589844,9.571726530939751e-06,80.0,20.0,15,7,8,46.666666666666664,53.333333333333336
NGCUT06,NONE,AREA,True,85.33333333333334,0.0007663726806640625,0.0007371902465820312,5.6299628354317496e-05,85.33333333333334,14.666666666666657,15,7,8,46.666666666666664,53.333333333333336
NGCUT06,NONE,AREA,False,70.66666666666667,0.002675151824951172,0.002680063247680664,9.781091333767123e-06,70.66666666666667,29.33333333333333,15,7,8,46.666666666666664,53.333333333333336
NGCUT06,NONE,PERIMETER,True,77.33333333333333,0.0007238388061523438,0.0007236003875732422,8.475101419600653e-06,77.33333333333333,22.66666666666667,15,6,9,40.0,60.0
NGCUT06,NONE,PERIMETER,False,88.0,0.0022837638854980467,0.0021910667419433594,0.00015959850096626958,88.0,12.0,15,8,7,53.333333333333336,46.666666666666664
NGCUT06,NONE,HEIGHT,True,70.66666666666667,0.0015313148498535157,0.0015163421630859375,2.201852051630802e-05,70.66666666666667,29.33333333333333,15,7,8,46.666666666666664,53.333333333333336
NGCUT06,NONE,HEIGHT,False,73.33333333333333,0.001104593276977539,0.0010933876037597656,2.119807997858437e-05,73.33333333333333,26.66666666666667,15,7,8,46.666666666666664,53.333333333333336
NGCUT06,NONE,WIDTH,True,70.66666666666667,0.0013247966766357423,0.0013186931610107422,1.8900203346573922e-05,70.66666666666667,29.33333333333333,15,6,9,40.0,60.0
NGCUT06,NONE,WIDTH,False,84.0,0.0012783527374267579,0.0012664794921875,6.35665962277656e-05,84.0,16.0,15,8,7,53.333333333333336,46.666666666666664
NGCUT06,NONE,ID,True,84.0,0.0008952617645263672,0.0008978843688964844,1.3716011776815089e-05,84.0,16.0,15,7,8,46.666666666666664,53.333333333333336
NGCUT06,NONE,ID,False,70.66666666666667,0.0016066551208496094,0.001528024673461914,0.00014541965149929796,70.66666666666667,29.33333333333333,15,7,8,46.666666666666664,53.333333333333336
NGCUT07,VERTICALLY,AREA,True,33.75,7.643699645996094e-05,7.343292236328125e-05,5.621018229786444e-06,33.75,66.25,8,7,1,87.5,12.5
NGCUT07,VERTICALLY,AREA,False,20.25,5.631446838378906e-05,5.245208740234375e-05,8.184948364687091e-06,20.25,79.75,8,6,2,75.0,25.0
NGCUT07,VERTICALLY,PERIMETER,True,100,8.230209350585937e-05,8.153915405273438e-05,5.912396203117861e-06,43.75,56.25,8,8,0,100.0,0.0
NGCUT07,VERTICALLY,PERIMETER,False,20.25,5.79833984375e-05,5.435943603515625e-05,6.977807596904182e-06,20.25,79.75,8,6,2,75.0,25.0
NGCUT07,VERTICALLY,HEIGHT,True,20.25,6.494522094726562e-05,6.222724914550781e-05,6.907723179783385e-06,20.25,79.75,8,6,2,75.0,25.0
NGCUT07,VERTICALLY,HEIGHT,False,20.25,6.666183471679688e-05,6.866455078125e-05,9.400587891071844e-06,20.25,79.75,8,6,2,75.0,25.0
NGCUT07,VERTICALLY,WIDTH,True,100,7.824897766113281e-05,7.605552673339844e-05,6.4670792372622205e-06,43.75,56.25,8,8,0,100.0,0.0
NGCUT07,VERTICALLY,WIDTH,False,8.25,5.273818969726562e-05,5.030632019042969e-05,5.325654164024244e-06,8.25,91.75,8,5,3,62.5,37.5
NGCUT07,VERTICALLY,ID,True,20.25,8.702278137207031e-05,8.344650268554688e-05,7.803247419100432e-06,20.25,79.75,8,6,2,75.0,25.0
NGCUT07,VERTICALLY,ID,False,20.25,6.666183471679688e-05,6.29425048828125e-05,9.337489469095093e-06,20.25,79.75,8,6,2,75.0,25.0
NGCUT07,HORIZONTALLY,AREA,True,100,7.486343383789062e-05,7.271766662597656e-05,6.464617664368563e-06,43.75,56.25,8,8,0,100.0,0.0
NGCUT07,HORIZONTALLY,AREA,False,33.75,6.947517395019531e-05,6.747245788574219e-05,6.122485127264192e-06,33.75,66.25,8,7,1,87.5,12.5
NGCUT07,HORIZONTALLY,PERIMETER,True,100,7.300376892089843e-05,7.05718994140625e-05,6.961495901311045e-06,43.75,56.25,8,8,0,100.0,0.0
NGCUT07,HORIZONTALLY,PERIMETER,False,33.75,6.818771362304688e-05,6.651878356933594e-05,5.716082326313403e-06,33.75,66.25,8,7,1,87.5,12.5
NGCUT07,HORIZONTALLY,HEIGHT,True,100,7.572174072265626e-05,7.319450378417969e-05,5.306835539226623e-06,43.75,56.25,8,8,0,100.0,0.0
NGCUT07,HORIZONTALLY,HEIGHT,False,100,7.834434509277344e-05,7.581710815429688e-05,8.057842562346906e-06,43.75,56.25,8,8,0,100.0,0.0
NGCUT07,HORIZONTALLY,WIDTH,True,100,7.343292236328125e-05,7.176399230957031e-05,5.407425881322799e-06,43.75,56.25,8,8,0,100.0,0.0
NGCUT07,HORIZONTALLY,WIDTH,False,33.75,7.243156433105469e-05,6.961822509765625e-05,7.699702080929387e-06,33.75,66.25,8,7,1,87.5,12.5
NGCUT07,HORIZONTALLY,ID,True,100,7.777214050292968e-05,7.390975952148438e-05,6.364302518222822e-06,43.75,56.25,8,8,0,100.0,0.0
NGCUT07,HORIZONTALLY,ID,False,100,7.610321044921875e-05,7.390975952148438e-05,5.604408936340038e-06,43.75,56.25,8,8,0,100.0,0.0
NGCUT07,MAX_AREA,AREA,True,100,0.00017600059509277345,0.0001709461212158203,1.1100580600567934e-05,43.75,56.25,8,8,0,100.0,0.0
NGCUT07,MAX_AREA,AREA,False,33.75,0.00021367073059082032,0.0002117156982421875,8.795545425543846e-06,33.75,66.25,8,7,1,87.5,12.5
NGCUT07,MAX_AREA,PERIMETER,True,100,0.0001667022705078125,0.00016188621520996094,1.048651535980207e-05,43.75,56.25,8,8,0,100.0,0.0
NGCUT07,MAX_AREA,PERIMETER,False,33.75,0.00013680458068847655,0.0001327991485595703,7.890754544615786e-06,33.75,66.25,8,7,1,87.5,12.5
NGCUT07,MAX_AREA,HEIGHT,True,33.75,0.00014863014221191406,0.0001456737518310547,9.050615466098357e-06,33.75,66.25,8,7,1,87.5,12.5
NGCUT07,MAX_AREA,HEIGHT,False,100,0.00016641616821289062,0.00016117095947265625,1.0011309411629266e-05,43.75,56.25,8,8,0,100.0,0.0
NGCUT07,MAX_AREA,WIDTH,True,100,0.0001652240753173828,0.00016188621520996094,9.342845070033902e-06,43.75,56.25,8,8,0,100.0,0.0
NGCUT07,MAX_AREA,WIDTH,False,33.75,0.00015196800231933593,0.0001499652862548828,8.457107268293519e-06,33.75,66.25,8,7,1,87.5,12.5
NGCUT07,MAX_AREA,ID,True,100,0.0001724720001220703,0.000171661376953125,8.74004919905536e-06,43.75,56.25,8,8,0,100.0,0.0
NGCUT07,MAX_AREA,ID,False,33.75,0.00014719963073730468,0.00014472007751464844,8.754345837633775e-06,33.75,66.25,8,7,1,87.5,12.5
NGCUT07,NONE,AREA,True,100,0.0007487297058105469,0.0007467269897460938,1.0180892087020261e-05,43.75,56.25,8,8,0,100.0,0.0
NGCUT07,NONE,AREA,False,33.75,0.0005747795104980469,0.0005695819854736328,9.87340820636579e-06,33.75,66.25,8,7,1,87.5,12.5
NGCUT07,NONE,PERIMETER,True,100,0.0007465362548828125,0.0007359981536865234,1.4397323969441963e-05,43.75,56.25,8,8,0,100.0,0.0
NGCUT07,NONE,PERIMETER,False,33.75,0.0005661964416503907,0.0005598068237304688,9.94682769190097e-06,33.75,66.25,8,7,1,87.5,12.5
NGCUT07,NONE,HEIGHT,True,100,0.0007367610931396484,0.0007336139678955078,1.0024246711119093e-05,43.75,56.25,8,8,0,100.0,0.0
NGCUT07,NONE,HEIGHT,False,100,0.0007493972778320312,0.0007467269897460938,8.553081686568033e-06,43.75,56.25,8,8,0,100.0,0.0
NGCUT07,NONE,WIDTH,True,100,0.0007425785064697265,0.0007355213165283203,1.3422436644447214e-05,43.75,56.25,8,8,0,100.0,0.0
NGCUT07,NONE,WIDTH,False,33.75,0.000569915771484375,0.0005669593811035156,8.211573368694022e-06,33.75,66.25,8,7,1,87.5,12.5
NGCUT07,NONE,ID,True,100,0.000740957260131836,0.0007374286651611328,9.836492964878945e-06,43.75,56.25,8,8,0,100.0,0.0
NGCUT07,NONE,ID,False,100,0.0007443904876708984,0.0007386207580566406,1.3904035162817075e-05,43.75,56.25,8,8,0,100.0,0.0
NGCUT08,VERTICALLY,AREA,True,79.5,4.1961669921875e-05,3.9577484130859375e-05,5.111285093636176e-06,79.5,20.5,13,4,9,30.76923076923077,69.23076923076923
NGCUT08,VERTICALLY,AREA,False,39.5,6.594657897949219e-05,6.198883056640625e-05,6.163200971860835e-06,39.5,60.5,13,6,7,46.15384615384615,53.84615384615385
NGCUT08,VERTICALLY,PERIMETER,True,85.25,5.5789947509765625e-05,5.2928924560546875e-05,6.024021796170714e-06,85.25,14.75,13,6,7,46.15384615384615,53.84615384615385
NGCUT08,VERTICALLY,PERIMETER,False,33.0,4.701614379882812e-05,4.482269287109375e-05,4.783606034845143e-06,33.0,67.0,13,4,9,30.76923076923077,69.23076923076923
NGCUT08,VERTICALLY,HEIGHT,True,55.00000000000001,5.025863647460938e-05,4.792213439941406e-05,5.1010433655991865e-06,55.00000000000001,44.99999999999999,13,5,8,38.46153846153847,61.53846153846154
NGCUT08,VERTICALLY,HEIGHT,False,39.5,6.537437438964843e-05,6.151199340820312e-05,7.79654272052643e-06,39.5,60.5,13,6,7,46.15384615384615,53.84615384615385
NGCUT08,VERTICALLY,WIDTH,True,85.25,5.53131103515625e-05,5.2928924560546875e-05,5.386360643937278e-06,85.25,14.75,13,6,7,46.15384615384615,53.84615384615385
NGCUT08,VERTICALLY,WIDTH,False,61.0,5.7077407836914064e-05,5.435943603515625e-05,5.741087701146091e-06,61.0,39.0,13,6,7,46.15384615384615,53.84615384615385
NGCUT08,VERTICALLY,ID,True,73.0,6.785392761230469e-05,6.556510925292969e-05,6.055268689494761e-06,73.0,27.0,13,7,6,53.84615384615385,46.15384615384615
NGCUT08,VERTICALLY,ID,False,38.25,4.9448013305664064e-05,4.601478576660156e-05,6.952017581408537e-06,38.25,61.75,13,4,9,30.76923076923077,69.23076923076923
NGCUT08,HORIZONTALLY,AREA,True,88.75,6.546974182128907e-05,6.222724914550781e-05,6.111333727453059e-06,88.75,11.25,13,6,7,46.15384615384615,53.84615384615385
NGCUT08,HORIZONTALLY,AREA,False,62.74999999999999,8.840560913085938e-05,8.463859558105469e-05,5.962180844187377e-06,62.74999999999999,37.25000000000001,13,8,5,61.53846153846154,38.46153846153847
NGCUT08,HORIZONTALLY,PERIMETER,True,85.25,7.042884826660156e-05,6.842613220214844e-05,5.242173443722463e-06,85.25,14.75,13,6,7,46.15384615384615,53.84615384615385
NGCUT08,HORIZONTALLY,PERIMETER,False,62.74999999999999,8.625984191894532e-05,8.296966552734375e-05,7.751207647787514e-06,62.74999999999999,37.25000000000001,13,8,5,61.53846153846154,38.46153846153847
NGCUT08,HORIZONTALLY,HEIGHT,True,73.0,6.732940673828124e-05,6.4849853515625e-05,6.495495301764611e-06,73.0,27.0,13,7,6,53.84615384615385,46.15384615384615
NGCUT08,HORIZONTALLY,HEIGHT,False,58.25,7.190704345703126e-05,6.985664367675781e-05,5.987297693482425e-06,58.25,41.75,13,6,7,46.15384615384615,53.84615384615385
NGCUT08,HORIZONTALLY,WIDTH,True,85.25,6.833076477050782e-05,6.651878356933594e-05,6.314447539232959e-06,85.25,14.75,13,6,7,46.15384615384615,53.84615384615385
NGCUT08,HORIZONTALLY,WIDTH,False,51.5,8.225440979003906e-05,7.915496826171875e-05,5.791167164559898e-06,51.5,48.5,13,7,6,53.84615384615385,46.15384615384615
NGCUT08,HORIZONTALLY,ID,True,69.5,7.448196411132812e-05,7.081031799316406e-05,6.597951492725694e-06,69.5,30.5,13,6,7,46.15384615384615,53.84615384615385
NGCUT08,HORIZONTALLY,ID,False,62.74999999999999,9.045600891113281e-05,8.916854858398438e-05,6.387838429002601e-06,62.74999999999999,37.25000000000001,13,8,5,61.53846153846154,38.46153846153847
NGCUT08,MAX_AREA,AREA,True,85.5,0.0001132965087890625,0.00011086463928222656,7.2588963036548885e-06,85.5,14.5,13,5,8,38.46153846153847,61.53846153846154
NGCUT08,MAX_AREA,AREA,False,51.5,0.00015716552734375,0.00015282630920410156,9.640369085292672e-06,51.5,48.5,13,7,6,53.84615384615385,46.15384615384615
NGCUT08,MAX_AREA,PERIMETER,True,85.25,0.00013208389282226562,0.00012755393981933594,9.870644352190233e-06,85.25,14.75,13,6,7,46.15384615384615,53.84615384615385
NGCUT08,MAX_AREA,PERIMETER,False,53.5,0.00015635490417480468,0.000152587890625,9.769228553501153e-06,53.5,46.5,13,7,6,53.84615384615385,46.15384615384615
NGCUT08,MAX_AREA,HEIGHT,True,73.0,0.00015692710876464845,0.00014781951904296875,1.356381715256206e-05,73.0,27.0,13,7,6,53.84615384615385,46.15384615384615
NGCUT08,MAX_AREA,HEIGHT,False,58.25,0.0001354217529296875,0.00013113021850585938,9.759448378016552e-06,58.25,41.75,13,6,7,46.15384615384615,53.84615384615385
NGCUT08,MAX_AREA,WIDTH,True,85.25,0.00014672279357910156,0.0001468658447265625,1.5094438221233843e-05,85.25,14.75,13,6,7,46.15384615384615,53.84615384615385
NGCUT08,MAX_AREA,WIDTH,False,67.5,0.00017762184143066406,0.0001709461212158203,1.3479402955868882e-05,67.5,32.5,13,8,5,61.53846153846154,38.46153846153847
NGCUT08,MAX_AREA,ID,True,69.5,0.00013475418090820314,0.0001316070556640625,8.36084701320789e-06,69.5,30.5,13,6,7,46.15384615384615,53.84615384615385
NGCUT08,MAX_AREA,ID,False,64.75,0.0001750946044921875,0.00016999244689941406,1.0501898638365073e-05,64.75,35.25,13,8,5,61.53846153846154,38.46153846153847
NGCUT08,NONE,AREA,True,88.75,0.0004451751708984375,0.00043511390686035156,2.098863630040636e-05,88.75,11.25,13,6,7,46.15384615384615,53.84615384615385
NGCUT08,NONE,AREA,False,62.74999999999999,0.0013292312622070312,0.0013256072998046875,1.1622899617902663e-05,62.74999999999999,37.25000000000001,13,8,5,61.53846153846154,38.46153846153847
NGCUT08,NONE,PERIMETER,True,85.25,0.00044403076171875,0.0004405975341796875,1.5073334698181557e-05,85.25,14.75,13,6,7,46.15384615384615,53.84615384615385
NGCUT08,NONE,PERIMETER,False,64.75,0.0015018939971923827,0.0014405250549316406,0.00011553731871845431,64.75,35.25,13,8,5,61.53846153846154,38.46153846153847
NGCUT08,NONE,HEIGHT,True,73.0,0.0006692886352539062,0.0006654262542724609,7.2807897025552885e-06,73.0,27.0,13,7,6,53.84615384615385,46.15384615384615
NGCUT08,NONE,HEIGHT,False,58.25,0.001936054229736328,0.0018994808197021484,9.700543850516341e-05,58.25,41.75,13,6,7,46.15384615384615,53.84615384615385
NGCUT08,NONE,WIDTH,True,85.25,0.00043096542358398435,0.00042748451232910156,7.96703428113201e-06,85.25,14.75,13,6,7,46.15384615384615,53.84615384615385
NGCUT08,NONE,WIDTH,False,67.5,0.001227092742919922,0.0012230873107910156,3.536299722191616e-05,67.5,32.5,13,8,5,61.53846153846154,38.46153846153847
NGCUT08,NONE,ID,True,69.5,0.0009087562561035156,0.0008623600006103516,9.082772860928566e-05,69.5,30.5,13,6,7,46.15384615384615,53.84615384615385
NGCUT08,NONE,ID,False,64.75,0.0012555122375488281,0.0012125968933105469,9.734779777663565e-05,64.75,35.25,13,8,5,61.53846153846154,38.46153846153847
NGCUT09,VERTICALLY,AREA,True,55.50000000000001,7.195472717285157e-05,7.009506225585938e-05,4.933363783408189e-06,55.50000000000001,44.49999999999999,18,6,12,33.33333333333333,66.66666666666666
NGCUT09,VERTICALLY,AREA,False,56.25,0.00011458396911621094,0.00010800361633300781,2.3284891486002538e-05,56.25,43.75,18,9,9,50.0,50.0
NGCUT09,VERTICALLY,PERIMETER,True,84.25,7.557868957519531e-05,7.319450378417969e-05,6.5241361146877555e-06,84.25,15.75,18,8,10,44.44444444444444,55.55555555555556
NGCUT09,VERTICALLY,PERIMETER,False,49.25,8.473396301269531e-05,8.249282836914062e-05,7.219950749978519e-06,49.25,50.75,18,8,10,44.44444444444444,55.55555555555556
NGCUT09,VERTICALLY,HEIGHT,True,55.50000000000001,7.843971252441406e-05,7.605552673339844e-05,6.2391003546890735e-06,55.50000000000001,44.49999999999999,18,6,12,33.33333333333333,66.66666666666666
NGCUT09,VERTICALLY,HEIGHT,False,56.99999999999999,9.598731994628907e-05,9.131431579589844e-05,1.0007447680888768e-05,56.99999999999999,43.00000000000001,18,9,9,50.0,50.0
NGCUT09,VERTICALLY,WIDTH,True,83.75,8.382797241210938e-05,8.106231689453125e-05,6.764704422197978e-06,83.75,16.25,18,9,9,50.0,50.0
NGCUT09,VERTICALLY,WIDTH,False,46.75,7.076263427734375e-05,6.866455078125e-05,6.197782565513219e-06,46.75,53.25,18,6,12,33.33333333333333,66.66666666666666
NGCUT09,VERTICALLY,ID,True,55.50000000000001,7.467269897460937e-05,7.176399230957031e-05,7.433767421686202e-06,55.50000000000001,44.49999999999999,18,6,12,33.33333333333333,66.66666666666666
NGCUT09,VERTICALLY,ID,False,62.5,9.508132934570313e-05,9.131431579589844e-05,6.86115484184454e-06,62.5,37.5,18,9,9,50.0,50.0
NGCUT09,HORIZONTALLY,AREA,True,76.75,7.772445678710938e-05,7.510185241699219e-05,7.897379259860739e-06,76.75,23.25,18,7,11,38.88888888888889,61.111111111111114
NGCUT09,HORIZONTALLY,AREA,False,56.99999999999999,0.00011281967163085937,0.00010943412780761719,6.633694381359691e-06,56.99999999999999,43.00000000000001,18,9,9,50.0,50.0
NGCUT09,HORIZONTALLY,PERIMETER,True,79.0,5.5694580078125e-05,5.2928924560546875e-05,7.665963746004657e-06,79.0,21.0,18,5,13,27.77777777777778,72.22222222222221
NGCUT09,HORIZONTALLY,PERIMETER,False,56.99999999999999,0.0001140594482421875,0.00010991096496582031,7.981291180766173e-06,56.99999999999999,43.00000000000001,18,9,9,50.0,50.0
NGCUT09,HORIZONTALLY,HEIGHT,True,72.0,6.990432739257812e-05,6.723403930664062e-05,6.6525192362195155e-06,72.0,28.0,18,7,11,38.88888888888889,61.111111111111114
NGCUT09,HORIZONTALLY,HEIGHT,False,74.0,7.166862487792969e-05,6.842613220214844e-05,6.764704422197978e-06,74.0,26.0,18,6,12,33.33333333333333,66.66666666666666
NGCUT09,HORIZONTALLY,WIDTH,True,78.5,6.40869140625e-05,6.0558319091796875e-05,8.553081686568033e-06,78.5,21.5,18,6,12,33.33333333333333,66.66666666666666
NGCUT09,HORIZONTALLY,WIDTH,False,55.50000000000001,0.00010061264038085938,9.751319885253906e-05,7.920378592894895e-06,55.50000000000001,44.49999999999999,18,8,10,44.44444444444444,55.55555555555556
NGCUT09,HORIZONTALLY,ID,True,60.75000000000001,8.831024169921874e-05,8.559226989746094e-05,6.1779402036520985e-06,60.75000000000001,39.24999999999999,18,7,11,38.88888888888889,61.111111111111114
NGCUT09,HORIZONTALLY,ID,False,66.25,7.085800170898437e-05,6.818771362304688e-05,6.9680251617045545e-06,66.25,33.75,18,6,12,33.33333333333333,66.66666666666666
NGCUT09,MAX_AREA,AREA,True,55.50000000000001,0.000146484375,0.00014209747314453125,1.2307203079224113e-05,55.50000000000001,44.49999999999999,18,6,12,33.33333333333333,66.66666666666666
NGCUT09,MAX_AREA,AREA,False,72.75,0.00021457672119140625,0.00021123886108398438,8.762653148286737e-06,72.75,27.25,18,10,8,55.55555555555556,44.44444444444444
NGCUT09,MAX_AREA,PERIMETER,True,84.25,0.00022630691528320314,0.00025844573974609375,5.2542478530005686e-05,84.25,15.75,18,8,10,44.44444444444444,55.55555555555556
NGCUT09,MAX_AREA,PERIMETER,False,72.75,0.00021643638610839843,0.00021028518676757812,1.2070103926789385e-05,72.75,27.25,18,10,8,55.55555555555556,44.44444444444444
NGCUT09,MAX_AREA,HEIGHT,True,55.50000000000001,0.00014338493347167968,0.000141143798828125,8.451728455011187e-06,55.50000000000001,44.49999999999999,18,6,12,33.33333333333333,66.66666666666666
NGCUT09,MAX_AREA,HEIGHT,False,74.0,0.00013566017150878906,0.00013399124145507812,1.0681578082727939e-05,74.0,26.0,18,6,12,33.33333333333333,66.66666666666666
NGCUT09,MAX_AREA,WIDTH,True,78.5,0.0001606464385986328,0.0001544952392578125,2.744089094603835e-05,78.5,21.5,18,6,12,33.33333333333333,66.66666666666666
NGCUT09,MAX_AREA,WIDTH,False,46.75,0.00013751983642578124,0.0001361370086669922,8.298062657706822e-06,46.75,53.25,18,6,12,33.33333333333333,66.66666666666666
NGCUT09,MAX_AREA,ID,True,55.50000000000001,0.00013971328735351562,0.0001347064971923828,8.609519045480628e-06,55.50000000000001,44.49999999999999,18,6,12,33.33333333333333,66.66666666666666
NGCUT09,MAX_AREA,ID,False,76.5,0.00020766258239746094,0.0001952648162841797,2.0229363338047223e-05,76.5,23.5,18,9,9,50.0,50.0
NGCUT09,NONE,AREA,True,76.75,0.001004934310913086,0.001001119613647461,6.200716774490716e-06,76.75,23.25,18,7,11,38.88888888888889,61.111111111111114
NGCUT09,NONE,AREA,False,72.75,0.0031529903411865235,0.0031766891479492188,8.732978022797973e-05,72.75,27.25,18,10,8,55.55555555555556,44.44444444444444
NGCUT09,NONE,PERIMETER,True,84.25,0.0007544517517089844,0.0007503032684326172,6.856513774116015e-06,84.25,15.75,18,8,10,44.44444444444444,55.55555555555556
NGCUT09,NONE,PERIMETER,False,72.75,0.003985595703125,0.003983497619628906,6.69510615127787e-06,72.75,27.25,18,10,8,55.55555555555556,44.44444444444444
NGCUT09,NONE,HEIGHT,True,72.0,0.0012302398681640625,0.0012230873107910156,1.49067868103985e-05,72.0,28.0,18,7,11,38.88888888888889,61.111111111111114
NGCUT09,NONE,HEIGHT,False,80.5,0.003240537643432617,0.0031921863555908203,0.00010668749505353236,80.5,19.5,18,10,8,55.55555555555556,44.44444444444444
NGCUT09,NONE,WIDTH,True,83.75,0.0009306907653808594,0.000926971435546875,8.943207706070082e-06,83.75,16.25,18,9,9,50.0,50.0
NGCUT09,NONE,WIDTH,False,69.75,0.0038887500762939454,0.0038323402404785156,0.00013582073457728494,69.75,30.25,18,8,10,44.44444444444444,55.55555555555556
NGCUT09,NONE,ID,True,76.75,0.0024678707122802734,0.0023145675659179688,0.00029433176745515417,76.75,23.25,18,7,11,38.88888888888889,61.111111111111114
NGCUT09,NONE,ID,False,71.5,0.002103281021118164,0.0021021366119384766,7.461244580867253e-06,71.5,28.5,18,9,9,50.0,50.0
NGCUT10,VERTICALLY,AREA,True,91.0,7.081031799316406e-05,6.818771362304688e-05,7.577060977015831e-06,91.0,9.0,13,6,7,46.15384615384615,53.84615384615385
NGCUT10,VERTICALLY,AREA,False,29.444444444444446,3.461837768554687e-05,3.266334533691406e-05,4.044411231735234e-06,29.444444444444446,70.55555555555556,13,4,9,30.76923076923077,69.23076923076923
NGCUT10,VERTICALLY,PERIMETER,True,91.0,5.145072937011719e-05,4.9114227294921875e-05,5.652883896454255e-06,91.0,9.0,13,6,7,46.15384615384615,53.84615384615385
NGCUT10,VERTICALLY,PERIMETER,False,29.444444444444446,3.299713134765625e-05,3.075599670410156e-05,5.117064828985715e-06,29.444444444444446,70.55555555555556,13,4,9,30.76923076923077,69.23076923076923
NGCUT10,VERTICALLY,HEIGHT,True,91.0,4.1532516479492185e-05,3.981590270996094e-05,4.665699913939498e-06,91.0,9.0,13,6,7,46.15384615384615,53.84615384615385
NGCUT10,VERTICALLY,HEIGHT,False,39.44444444444444,3.5190582275390624e-05,3.314018249511719e-05,5.134807825459215e-06,39.44444444444444,60.55555555555556,13,4,9,30.76923076923077,69.23076923076923
NGCUT10,VERTICALLY,WIDTH,True,74.0,4.172325134277344e-05,4.124641418457031e-05,5.026053654881042e-06,74.0,26.0,13,5,8,38.46153846153847,61.53846153846154
NGCUT10,VERTICALLY,WIDTH,False,29.444444444444446,3.376007080078125e-05,3.218650817871094e-05,4.915356218281421e-06,29.444444444444446,70.55555555555556,13,4,9,30.76923076923077,69.23076923076923
NGCUT10,VERTICALLY,ID,True,90.11111111111111,6.866455078125e-05,6.67572021484375e-05,5.74781654560248e-06,90.11111111111111,9.888888888888886,13,7,6,53.84615384615385,46.15384615384615
NGCUT10,VERTICALLY,ID,False,29.444444444444446,3.3903121948242185e-05,3.1948089599609375e-05,5.541167849095898e-06,29.444444444444446,70.55555555555556,13,4,9,30.76923076923077,69.23076923076923
NGCUT10,HORIZONTALLY,AREA,True,87.66666666666667,5.021095275878906e-05,4.839897155761719e-05,4.4695694562723115e-06,87.66666666666667,12.333333333333329,13,4,9,30.76923076923077,69.23076923076923
NGCUT10,HORIZONTALLY,AREA,False,90.11111111111111,6.194114685058594e-05,6.008148193359375e-05,4.7190017771675135e-06,90.11111111111111,9.888888888888886,13,7,6,53.84615384615385,46.15384615384615
NGCUT10,HORIZONTALLY,PERIMETER,True,87.66666666666667,5.049705505371094e-05,4.76837158203125e-05,5.634754656495075e-06,87.66666666666667,12.333333333333329,13,4,9,30.76923076923077,69.23076923076923
NGCUT10,HORIZONTALLY,PERIMETER,False,90.11111111111111,6.341934204101562e-05,6.127357482910156e-05,5.926991889312769e-06,90.11111111111111,9.888888888888886,13,7,6,53.84615384615385,46.15384615384615
NGCUT10,HORIZONTALLY,HEIGHT,True,91.0,4.038810729980469e-05,3.814697265625e-05,4.6564314330038845e-06,91.0,9.0,13,6,7,46.15384615384615,53.84615384615385
NGCUT10,HORIZONTALLY,HEIGHT,False,79.88888888888889,5.397796630859375e-05,5.173683166503906e-05,5.293966304684305e-06,79.88888888888889,20.111111111111114,13,6,7,46.15384615384615,53.84615384615385
NGCUT10,HORIZONTALLY,WIDTH,True,74.0,4.677772521972656e-05,4.5299530029296875e-05,5.239570361491087e-06,74.0,26.0,13,5,8,38.46153846153847,61.53846153846154
NGCUT10,HORIZONTALLY,WIDTH,False,90.11111111111111,6.513595581054687e-05,6.246566772460938e-05,6.505638780857974e-06,90.11111111111111,9.888888888888886,13,7,6,53.84615384615385,46.15384615384615
NGCUT10,HORIZONTALLY,ID,True,80.66666666666666,6.394386291503906e-05,6.103515625e-05,6.103515625e-06,80.66666666666666,19.333333333333343,13,6,7,46.15384615384615,53.84615384615385
NGCUT10,HORIZONTALLY,ID,False,83.44444444444444,4.930496215820313e-05,4.6253204345703125e-05,5.680969942924567e-06,83.44444444444444,16.555555555555557,13,6,7,46.15384615384615,53.84615384615385
NGCUT10,MAX_AREA,AREA,True,87.66666666666667,9.34600830078125e-05,8.845329284667969e-05,9.249903462701015e-06,87.66666666666667,12.333333333333329,13,4,9,30.76923076923077,69.23076923076923
NGCUT10,MAX_AREA,AREA,False,90.11111111111111,0.00012984275817871094,0.000125885009765625,8.571935426508698e-06,90.11111111111111,9.888888888888886,13,7,6,53.84615384615385,46.15384615384615
NGCUT10,MAX_AREA,PERIMETER,True,87.66666666666667,9.121894836425782e-05,8.749961853027344e-05,7.80994636181334e-06,87.66666666666667,12.333333333333329,13,4,9,30.76923076923077,69.23076923076923
NGCUT10,MAX_AREA,PERIMETER,False,90.11111111111111,0.00013856887817382814,0.00013327598571777344,9.89411250316718e-06,90.11111111111111,9.888888888888886,13,7,6,53.84615384615385,46.15384615384615
NGCUT10,MAX_AREA,HEIGHT,True,91.0,9.694099426269532e-05,9.369850158691406e-05,6.9862746274852515e-06,91.0,9.0,13,6,7,46.15384615384615,53.84615384615385
NGCUT10,MAX_AREA,HEIGHT,False,79.88888888888889,0.0001140594482421875,0.00011157989501953125,6.868110563135462e-06,79.88888888888889,20.111111111111114,13,6,7,46.15384615384615,53.84615384615385
NGCUT10,MAX_AREA,WIDTH,True,74.0,9.684562683105468e-05,9.918212890625e-05,5.642819287295156e-06,74.0,26.0,13,5,8,38.46153846153847,61.53846153846154
NGCUT10,MAX_AREA,WIDTH,False,90.11111111111111,0.00013856887817382814,0.00013494491577148438,8.136189026106914e-06,90.11111111111111,9.888888888888886,13,7,6,53.84615384615385,46.15384615384615
NGCUT10,MAX_AREA,ID,True,80.66666666666666,0.0001239776611328125,0.00012159347534179688,7.462158743691234e-06,80.66666666666666,19.333333333333343,13,6,7,46.15384615384615,53.84615384615385
NGCUT10,MAX_AREA,ID,False,83.44444444444444,0.00010399818420410156,0.00010085105895996094,6.2416508673942494e-06,83.44444444444444,16.555555555555557,13,6,7,46.15384615384615,53.84615384615385
NGCUT10,NONE,AREA,True,87.66666666666667,0.00043997764587402346,0.00043773651123046875,6.809929136444931e-06,87.66666666666667,12.333333333333329,13,4,9,30.76923076923077,69.23076923076923
NGCUT10,NONE,AREA,False,90.11111111111111,0.0005673408508300781,0.0005621910095214844,1.107515250254397e-05,90.11111111111111,9.888888888888886,13,7,6,53.84615384615385,46.15384615384615
NGCUT10,NONE,PERIMETER,True,87.66666666666667,0.00044493675231933595,0.00044155120849609375,8.281605850358765e-06,87.66666666666667,12.333333333333329,13,4,9,30.76923076923077,69.23076923076923
NGCUT10,NONE,PERIMETER,False,90.11111111111111,0.0005640983581542969,0.0005669593811035156,6.497945177500976e-06,90.11111111111111,9.888888888888886,13,7,6,53.84615384615385,46.15384615384615
NGCUT10,NONE,HEIGHT,True,91.0,0.0003984928131103516,0.0003974437713623047,5.0477216712263945e-06,91.0,9.0,13,6,7,46.15384615384615,53.84615384615385
NGCUT10,NONE,HEIGHT,False,79.88888888888889,0.00041451454162597654,0.0004093647003173828,1.2877781793510703e-05,79.88888888888889,20.111111111111114,13,6,7,46.15384615384615,53.84615384615385
NGCUT10,NONE,WIDTH,True,74.0,0.0002889156341552734,0.000286102294921875,5.848597757897173e-06,74.0,26.0,13,5,8,38.46153846153847,61.53846153846154
NGCUT10,NONE,WIDTH,False,90.11111111111111,0.0005483627319335938,0.0005424022674560547,1.0638919852862927e-05,90.11111111111111,9.888888888888886,13,7,6,53.84615384615385,46.15384615384615
NGCUT10,NONE,ID,True,80.66666666666666,0.00066070556640625,0.0006570816040039062,1.2024808321190363e-05,80.66666666666666,19.333333333333343,13,6,7,46.15384615384615,53.84615384615385
NGCUT10,NONE,ID,False,83.44444444444444,0.00040836334228515624,0.0004029273986816406,1.659667332265563e-05,83.44444444444444,16.555555555555557,13,6,7,46.15384615384615,53.84615384615385
NGCUT11,VERTICALLY,AREA,True,75.44444444444444,7.476806640625e-05,7.319450378417969e-05,5.374951088318578e-06,75.44444444444444,24.555555555555557,15,6,9,40.0,60.0
NGCUT11,VERTICALLY,AREA,False,45.88888888888889,8.945465087890625e-05,8.749961853027344e-05,5.668950104485522e-06,45.88888888888889,54.11111111111111,15,8,7,53.333333333333336,46.666666666666664
NGCUT11,VERTICALLY,PERIMETER,True,79.77777777777779,8.683204650878906e-05,8.487701416015625e-05,5.456400742480047e-06,79.77777777777779,20.222222222222214,15,7,8,46.666666666666664,53.333333333333336
NGCUT11,VERTICALLY,PERIMETER,False,46.0,7.171630859375e-05,6.818771362304688e-05,6.199616608865741e-06,46.0,54.0,15,6,9,40.0,60.0
NGCUT11,VERTICALLY,HEIGHT,True,75.44444444444444,7.729530334472656e-05,7.486343383789062e-05,5.973610685679211e-06,75.44444444444444,24.555555555555557,15,6,9,40.0,60.0
NGCUT11,VERTICALLY,HEIGHT,False,45.88888888888889,8.497238159179687e-05,8.249282836914062e-05,6.44100930145052e-06,45.88888888888889,54.11111111111111,15,8,7,53.333333333333336,46.666666666666664
NGCUT11,VERTICALLY,WIDTH,True,78.44444444444446,7.038116455078125e-05,6.747245788574219e-05,6.521347426330093e-06,78.44444444444446,21.555555555555543,15,8,7,53.333333333333336,46.666666666666664
NGCUT11,VERTICALLY,WIDTH,False,31.88888888888889,6.389617919921875e-05,6.222724914550781e-05,4.84875633960196e-06,31.88888888888889,68.11111111111111,15,5,10,33.33333333333333,66.66666666666666
NGCUT11,VERTICALLY,ID,True,50.55555555555556,6.771087646484375e-05,6.4849853515625e-05,5.7596718002996975e-06,50.55555555555556,49.44444444444444,15,6,9,40.0,60.0
NGCUT11,VERTICALLY,ID,False,78.55555555555556,8.754730224609375e-05,8.368492126464844e-05,7.416925713308416e-06,78.55555555555556,21.444444444444443,15,8,7,53.333333333333336,46.666666666666664
NGCUT11,HORIZONTALLY,AREA,True,69.11111111111111,5.688667297363281e-05,5.459785461425781e-05,5.0813929766682515e-06,69.11111111111111,30.888888888888886,15,5,10,33.33333333333333,66.66666666666666
NGCUT11,HORIZONTALLY,AREA,False,44.666666666666664,8.425712585449218e-05,8.106231689453125e-05,6.628894064333735e-06,44.666666666666664,55.333333333333336,15,7,8,46.666666666666664,53.333333333333336
NGCUT11,HORIZONTALLY,PERIMETER,True,78.44444444444446,9.007453918457032e-05,8.7738037109375e-05,6.3696592252718145e-06,78.44444444444446,21.555555555555543,15,8,7,53.333333333333336,46.666666666666664
NGCUT11,HORIZONTALLY,PERIMETER,False,44.666666666666664,8.363723754882813e-05,8.130073547363281e-05,5.7069260789402696e-06,44.666666666666664,55.333333333333336,15,7,8,46.666666666666664,53.333333333333336
NGCUT11,HORIZONTALLY,HEIGHT,True,86.33333333333333,7.109642028808593e-05,6.866455078125e-05,6.3821407238402845e-06,86.33333333333333,13.666666666666671,15,7,8,46.666666666666664,53.333333333333336
NGCUT11,HORIZONTALLY,HEIGHT,False,60.77777777777777,9.636878967285156e-05,9.465217590332031e-05,5.497913823753813e-06,60.77777777777777,39.22222222222223,15,8,7,53.333333333333336,46.666666666666664
NGCUT11,HORIZONTALLY,WIDTH,True,78.44444444444446,8.883476257324219e-05,8.559226989746094e-05,6.144727214783673e-06,78.44444444444446,21.555555555555543,15,8,7,53.333333333333336,46.666666666666664
NGCUT11,HORIZONTALLY,WIDTH,False,67.66666666666666,9.684562683105468e-05,9.441375732421875e-05,6.3803591475211074e-06,67.66666666666666,32.33333333333334,15,10,5,66.66666666666666,33.33333333333333
NGCUT11,HORIZONTALLY,ID,True,63.33333333333333,9.598731994628907e-05,9.226799011230469e-05,6.504240620777168e-06,63.33333333333333,36.66666666666667,15,8,7,53.333333333333336,46.666666666666664
NGCUT11,HORIZONTALLY,ID,False,84.77777777777777,8.268356323242188e-05,7.867813110351562e-05,7.963894338082039e-06,84.77777777777777,15.222222222222229,15,9,6,60.0,40.0
NGCUT11,MAX_AREA,AREA,True,61.33333333333333,0.00011830329895019531,0.00011539459228515625,6.64396909614645e-06,61.33333333333333,38.66666666666667,15,5,10,33.33333333333333,66.66666666666666
NGCUT11,MAX_AREA,AREA,False,44.666666666666664,0.0001483917236328125,0.00014400482177734375,7.485887793023548e-06,44.666666666666664,55.333333333333336,15,7,8,46.666666666666664,53.333333333333336
NGCUT11,MAX_AREA,PERIMETER,True,64.44444444444444,0.00011682510375976562,0.00011181831359863281,9.566499065274657e-06,64.44444444444444,35.55555555555556,15,5,10,33.33333333333333,66.66666666666666
NGCUT11,MAX_AREA,PERIMETER,False,44.666666666666664,0.00016579627990722656,0.00016021728515625,1.049431815020318e-05,44.666666666666664,55.333333333333336,15,7,8,46.666666666666664,53.333333333333336
NGCUT11,MAX_AREA,HEIGHT,True,83.22222222222221,0.00013303756713867188,0.00013017654418945312,7.484976528300699e-06,83.22222222222221,16.777777777777786,15,6,9,40.0,60.0
NGCUT11,MAX_AREA,HEIGHT,False,60.77777777777777,0.0001789093017578125,0.00017714500427246094,9.365450818779691e-06,60.77777777777777,39.22222222222223,15,8,7,53.333333333333336,46.666666666666664
NGCUT11,MAX_AREA,WIDTH,True,78.44444444444446,0.00017652511596679687,0.00017642974853515625,9.886295976048246e-06,78.44444444444446,21.555555555555543,15,8,7,53.333333333333336,46.666666666666664
NGCUT11,MAX_AREA,WIDTH,False,67.66666666666666,0.0002125263214111328,0.0002079010009765625,8.747850262045766e-06,67.66666666666666,32.33333333333334,15,10,5,66.66666666666666,33.33333333333333
NGCUT11,MAX_AREA,ID,True,58.666666666666664,0.00016160011291503905,0.0001571178436279297,9.06166260404617e-06,58.666666666666664,41.333333333333336,15,7,8,46.666666666666664,53.333333333333336
NGCUT11,MAX_AREA,ID,False,78.55555555555556,0.000177001953125,0.00017452239990234375,8.156006528177377e-06,78.55555555555556,21.444444444444443,15,8,7,53.333333333333336,46.666666666666664
NGCUT11,NONE,AREA,True,69.11111111111111,0.0004744529724121094,0.0004711151123046875,8.951339744764187e-06,69.11111111111111,30.888888888888886,15,5,10,33.33333333333333,66.66666666666666
NGCUT11,NONE,AREA,False,63.33333333333333,0.0014092445373535157,0.0014073848724365234,8.442037954838077e-06,63.33333333333333,36.66666666666667,15,8,7,53.333333333333336,46.666666666666664
NGCUT11,NONE,PERIMETER,True,92.55555555555556,0.001243257522583008,0.0012428760528564453,9.098222918892628e-06,92.55555555555556,7.444444444444443,15,9,6,60.0,40.0
NGCUT11,NONE,PERIMETER,False,63.33333333333333,0.0014242172241210938,0.001422882080078125,1.1114091187375163e-05,63.33333333333333,36.66666666666667,15,8,7,53.333333333333336,46.666666666666664
NGCUT11,NONE,HEIGHT,True,87.66666666666667,0.003185892105102539,0.0031833648681640625,1.9463836288781704e-05,87.66666666666667,12.333333333333329,15,7,8,46.666666666666664,53.333333333333336
NGCUT11,NONE,HEIGHT,False,60.77777777777777,0.0026043415069580077,0.00260162353515625,1.0461768130261451e-05,60.77777777777777,39.22222222222223,15,8,7,53.333333333333336,46.666666666666664
NGCUT11,NONE,WIDTH,True,78.44444444444446,0.0016501426696777343,0.001650094985961914,1.0806859611129485e-05,78.44444444444446,21.555555555555543,15,8,7,53.333333333333336,46.666666666666664
NGCUT11,NONE,WIDTH,False,67.66666666666666,0.002695322036743164,0.0026841163635253906,1.742120495205846e-05,67.66666666666666,32.33333333333334,15,10,5,66.66666666666666,33.33333333333333
NGCUT11,NONE,ID,True,63.33333333333333,0.001617288589477539,0.0016138553619384766,9.658277490698867e-06,63.33333333333333,36.66666666666667,15,8,7,53.333333333333336,46.666666666666664
NGCUT11,NONE,ID,False,84.77777777777777,0.0023355007171630858,0.002330780029296875,1.348311345587071e-05,84.77777777777777,15.222222222222229,15,9,6,60.0,40.0
NGCUT12,VERTICALLY,AREA,True,74.8888888888889,8.0108642578125e-05,7.867813110351562e-05,5.277620225233711e-06,74.8888888888889,25.1111111111111,22,7,15,31.818181818181817,68.18181818181817
NGCUT12,VERTICALLY,AREA,False,48.66666666666667,0.00010037422180175781,9.775161743164062e-05,5.382137702759729e-06,48.66666666666667,51.33333333333333,22,9,13,40.909090909090914,59.09090909090909
NGCUT12,VERTICALLY,PERIMETER,True,95.0,9.675025939941407e-05,9.369850158691406e-05,6.722220188121476e-06,95.0,5.0,22,9,13,40.909090909090914,59.09090909090909
NGCUT12,VERTICALLY,PERIMETER,False,52.0,8.287429809570313e-05,8.034706115722656e-05,5.427571592381361e-06,52.0,48.0,22,7,15,31.818181818181817,68.18181818181817
NGCUT12,VERTICALLY,HEIGHT,True,84.33333333333334,8.411407470703125e-05,8.153915405273438e-05,6.4282884016706185e-06,84.33333333333334,15.666666666666657,22,9,13,40.909090909090914,59.09090909090909
NGCUT12,VERTICALLY,HEIGHT,False,48.66666666666667,9.608268737792969e-05,9.393692016601562e-05,5.6076536371105335e-06,48.66666666666667,51.33333333333333,22,9,13,40.909090909090914,59.09090909090909
NGCUT12,VERTICALLY,WIDTH,True,82.55555555555556,9.756088256835937e-05,9.34600830078125e-05,7.183326660057099e-06,82.55555555555556,17.444444444444443,22,10,12,45.45454545454545,54.54545454545454
NGCUT12,VERTICALLY,WIDTH,False,65.66666666666666,7.262229919433594e-05,7.05718994140625e-05,5.90315928113326e-06,65.66666666666666,34.33333333333334,22,8,14,36.36363636363637,63.63636363636363
NGCUT12,VERTICALLY,ID,True,71.11111111111111,9.045600891113281e-05,8.726119995117188e-05,6.444538428503686e-06,71.11111111111111,28.888888888888886,22,8,14,36.36363636363637,63.63636363636363
NGCUT12,VERTICALLY,ID,False,97.22222222222221,9.846687316894531e-05,9.465217590332031e-05,8.765247568224649e-06,97.22222222222221,2.7777777777777857,22,9,13,40.909090909090914,59.09090909090909
NGCUT12,HORIZONTALLY,AREA,True,68.44444444444444,8.7738037109375e-05,8.463859558105469e-05,6.018357458485402e-06,68.44444444444444,31.555555555555557,22,8,14,36.36363636363637,63.63636363636363
NGCUT12,HORIZONTALLY,AREA,False,53.333333333333336,0.00013523101806640626,0.00013136863708496094,9.333592556423273e-06,53.333333333333336,46.666666666666664,22,10,12,45.45454545454545,54.54545454545454
NGCUT12,HORIZONTALLY,PERIMETER,True,97.66666666666667,9.407997131347657e-05,9.107589721679688e-05,7.057512121321112e-06,97.66666666666667,2.3333333333333286,22,10,12,45.45454545454545,54.54545454545454
NGCUT12,HORIZONTALLY,PERIMETER,False,53.333333333333336,0.00013723373413085938,0.00013327598571777344,6.465672738933872e-06,53.333333333333336,46.666666666666664,22,10,12,45.45454545454545,54.54545454545454
NGCUT12,HORIZONTALLY,HEIGHT,True,84.33333333333334,7.472038269042968e-05,7.128715515136719e-05,5.539526264746706e-06,84.33333333333334,15.666666666666657,22,9,13,40.909090909090914,59.09090909090909
NGCUT12,HORIZONTALLY,HEIGHT,False,53.333333333333336,0.00013556480407714844,0.00013113021850585938,7.501059240212825e-06,53.333333333333336,46.666666666666664,22,10,12,45.45454545454545,54.54545454545454
NGCUT12,HORIZONTALLY,WIDTH,True,54.44444444444444,0.00012068748474121093,0.00011849403381347656,5.314969937550649e-06,54.44444444444444,45.55555555555556,22,9,13,40.909090909090914,59.09090909090909
NGCUT12,HORIZONTALLY,WIDTH,False,83.44444444444444,9.751319885253906e-05,9.679794311523438e-05,4.93704952451507e-06,83.44444444444444,16.555555555555557,22,9,13,40.909090909090914,59.09090909090909
NGCUT12,HORIZONTALLY,ID,True,65.77777777777779,0.00012121200561523437,0.000118255615234375,6.18161952039994e-06,65.77777777777779,34.222222222222214,22,10,12,45.45454545454545,54.54545454545454
NGCUT12,HORIZONTALLY,ID,False,53.333333333333336,0.00013098716735839843,0.00012755393981933594,5.972087970720574e-06,53.333333333333336,46.666666666666664,22,10,12,45.45454545454545,54.54545454545454
NGCUT12,MAX_AREA,AREA,True,57.77777777777777,0.0001633167266845703,0.00015854835510253906,1.0050976270961344e-05,57.77777777777777,42.22222222222223,22,7,15,31.818181818181817,68.18181818181817
NGCUT12,MAX_AREA,AREA,False,53.333333333333336,0.00024614334106445315,0.00023865699768066406,1.4105516950234567e-05,53.333333333333336,46.666666666666664,22,10,12,45.45454545454545,54.54545454545454
NGCUT12,MAX_AREA,PERIMETER,True,95.0,0.0001926422119140625,0.00019025802612304688,9.284253355037726e-06,95.0,5.0,22,9,13,40.909090909090914,59.09090909090909
NGCUT12,MAX_AREA,PERIMETER,False,53.333333333333336,0.00022606849670410157,0.0002200603485107422,1.1820753719914981e-05,53.333333333333336,46.666666666666664,22,10,12,45.45454545454545,54.54545454545454
NGCUT12,MAX_AREA,HEIGHT,True,84.33333333333334,0.00017633438110351563,0.000171661376953125,9.742659521431079e-06,84.33333333333334,15.666666666666657,22,9,13,40.909090909090914,59.09090909090909
NGCUT12,MAX_AREA,HEIGHT,False,53.333333333333336,0.00024123191833496093,0.0002384185791015625,1.0523311023051239e-05,53.333333333333336,46.666666666666664,22,10,12,45.45454545454545,54.54545454545454
NGCUT12,MAX_AREA,WIDTH,True,54.44444444444444,0.00020995140075683594,0.00020766258239746094,9.36180842232676e-06,54.44444444444444,45.55555555555556,22,9,13,40.909090909090914,59.09090909090909
NGCUT12,MAX_AREA,WIDTH,False,83.44444444444444,0.0001956462860107422,0.00019073486328125,9.354519374670313e-06,83.44444444444444,16.555555555555557,22,9,13,40.909090909090914,59.09090909090909
NGCUT12,MAX_AREA,ID,True,57.77777777777777,0.00017642974853515625,0.000171661376953125,9.761777879989821e-06,57.77777777777777,42.22222222222223,22,7,15,31.818181818181817,68.18181818181817
NGCUT12,MAX_AREA,ID,False,53.333333333333336,0.0002350330352783203,0.00023102760314941406,1.1178145177222998e-05,53.333333333333336,46.666666666666664,22,10,12,45.45454545454545,54.54545454545454
NGCUT12,NONE,AREA,True,85.55555555555556,0.0008359432220458984,0.0008375644683837891,6.882661661148466e-06,85.55555555555556,14.444444444444443,22,8,14,36.36363636363637,63.63636363636363
NGCUT12,NONE,AREA,False,53.333333333333336,0.005557584762573242,0.005565643310546875,2.2958310303503917e-05,53.333333333333336,46.666666666666664,22,10,12,45.45454545454545,54.54545454545454
NGCUT12,NONE,PERIMETER,True,95.0,0.001429128646850586,0.0014286041259765625,9.841114942845157e-06,95.0,5.0,22,9,13,40.909090909090914,59.09090909090909
NGCUT12,NONE,PERIMETER,False,53.333333333333336,0.004659080505371093,0.004664182662963867,2.453307484435577e-05,53.333333333333336,46.666666666666664,22,10,12,45.45454545454545,54.54545454545454
NGCUT12,NONE,HEIGHT,True,84.33333333333334,0.0009324073791503907,0.0009276866912841797,1.2849323744320108e-05,84.33333333333334,15.666666666666657,22,9,13,40.909090909090914,59.09090909090909
NGCUT12,NONE,HEIGHT,False,53.333333333333336,0.008706998825073243,0.008713960647583008,3.7825361170431085e-05,53.333333333333336,46.666666666666664,22,10,12,45.45454545454545,54.54545454545454
NGCUT12,NONE,WIDTH,True,65.44444444444444,0.0035925388336181642,0.00360107421875,2.5141304168870367e-05,65.44444444444444,34.55555555555556,22,10,12,45.45454545454545,54.54545454545454
NGCUT12,NONE,WIDTH,False,65.66666666666666,0.005483484268188477,0.005470991134643555,2.613076328346634e-05,65.66666666666666,34.33333333333334,22,8,14,36.36363636363637,63.63636363636363
NGCUT12,NONE,ID,True,71.11111111111111,0.0012593269348144531,0.0012600421905517578,1.2466350996400234e-05,71.11111111111111,28.888888888888886,22,8,14,36.36363636363637,63.63636363636363
NGCUT12,NONE,ID,False,53.333333333333336,0.0031496524810791016,0.0031447410583496094,1.5007573686210838e-05,53.333333333333336,46.666666666666664,22,10,12,45.45454545454545,54.54545454545454
